data_Kerutt22/tableb1_Kerutt22_v1.dat
# %ECSV 1.0
# ---
# datatype:
# - {name: ID, datatype: int64}
# - {name: I17ID, datatype: int64}
# - {name: RAdeg, unit: deg, datatype: float64}
# - {name: DEdeg, unit: deg, datatype: float64}
# - {name: z, datatype: float64}
# - {name: e_z, datatype: float64}
# - {name: Conf, datatype: int64}
# - {name: EW0, unit: Angstrom, datatype: float64}
# - {name: e_EW0, unit: Angstrom, datatype: float64}
# - {name: MUV, unit: mag, datatype: float64}
# - {name: e_MUV, unit: mag, datatype: float64}
# - {name: logLLya, unit: dex(erg / s), datatype: float64}
# - {name: e_logLLya, unit: dex(erg / s), datatype: float64}
# - {name: Peaksep, unit: km / s, datatype: float64}
# - {name: e_Peaksep, unit: km / s, datatype: float64}
# - {name: FWHM, unit: km / s, datatype: float64}
# - {name: e_FWHM, unit: km / s, datatype: float64}
# - {name: Asym, datatype: float64}
# - {name: e_Asym, datatype: float64}
# - {name: Re, unit: kpc, datatype: float64}
# - {name: e_Re, unit: kpc, datatype: float64}
# - {name: axisratio, datatype: float64}
# - {name: e_axisratio, datatype: float64}
# - {name: f_esc_Lya, datatype: float64}
# - {name: e_f_esc_Lya, datatype: float64}
# - {name: logLLya_int, unit: dex(erg / s), datatype: float64}
# - {name: e_logLLya_int, unit: dex(erg / s), datatype: float64}
# - {name: logN_ion, unit: dex(1 / s), datatype: float64}
# - {name: e_logN_ion, unit: dex(1 / s), datatype: float64}
# - {name: logL1200, unit: dex(erg / (Angstrom s)), datatype: float64}
# - {name: e_logL1200, unit: dex(erg / (Angstrom s)), datatype: float64}
# meta: !!omap
# - __serialized_columns__:
#     DEdeg:
#       __class__: astropy.units.quantity.Quantity
#       unit: &id001 !astropy.units.Unit {unit: deg}
#       value: !astropy.table.SerializedColumn {name: DEdeg}
#     EW0:
#       __class__: astropy.units.quantity.Quantity
#       unit: &id002 !astropy.units.Unit {unit: Angstrom}
#       value: !astropy.table.SerializedColumn {name: EW0}
#     FWHM:
#       __class__: astropy.units.quantity.Quantity
#       unit: !astropy.units.Unit {unit: km / s}
#       value: !astropy.table.SerializedColumn {name: FWHM}
#     MUV:
#       __class__: astropy.units.quantity.Quantity
#       unit: &id003 !astropy.units.Unit {unit: mag}
#       value: !astropy.table.SerializedColumn {name: MUV}
#     Peaksep:
#       __class__: astropy.units.quantity.Quantity
#       unit: !astropy.units.Unit {unit: km / s}
#       value: !astropy.table.SerializedColumn {name: Peaksep}
#     RAdeg:
#       __class__: astropy.units.quantity.Quantity
#       unit: *id001
#       value: !astropy.table.SerializedColumn {name: RAdeg}
#     Re:
#       __class__: astropy.units.quantity.Quantity
#       unit: &id004 !astropy.units.Unit {unit: kpc}
#       value: !astropy.table.SerializedColumn {name: Re}
#     e_EW0:
#       __class__: astropy.units.quantity.Quantity
#       unit: *id002
#       value: !astropy.table.SerializedColumn {name: e_EW0}
#     e_FWHM:
#       __class__: astropy.units.quantity.Quantity
#       unit: !astropy.units.Unit {unit: km / s}
#       value: !astropy.table.SerializedColumn {name: e_FWHM}
#     e_MUV:
#       __class__: astropy.units.quantity.Quantity
#       unit: *id003
#       value: !astropy.table.SerializedColumn {name: e_MUV}
#     e_Peaksep:
#       __class__: astropy.units.quantity.Quantity
[...]
#     e_logLLya:
#       __class__: astropy.units.function.logarithmic.Dex
#       unit: !astropy.units.Unit {unit: dex(erg / s)}
#       value: !astropy.table.SerializedColumn {name: e_logLLya}
#     e_logLLya_int:
#       __class__: astropy.units.function.logarithmic.Dex
#       unit: !astropy.units.Unit {unit: dex(erg / s)}
#       value: !astropy.table.SerializedColumn {name: e_logLLya_int}
#     e_logN_ion:
#       __class__: astropy.units.function.logarithmic.Dex
#       unit: !astropy.units.Unit {unit: dex(1 / s)}
#       value: !astropy.table.SerializedColumn {name: e_logN_ion}
#     logL1200:
#       __class__: astropy.units.function.logarithmic.Dex
#       unit: !astropy.units.Unit {unit: dex(erg / (Angstrom s))}
#       value: !astropy.table.SerializedColumn {name: logL1200}
#     logLLya:
#       __class__: astropy.units.function.logarithmic.Dex
#       unit: !astropy.units.Unit {unit: dex(erg / s)}
#       value: !astropy.table.SerializedColumn {name: logLLya}
#     logLLya_int:
#       __class__: astropy.units.function.logarithmic.Dex
#       unit: !astropy.units.Unit {unit: dex(erg / s)}
#       value: !astropy.table.SerializedColumn {name: logLLya_int}
#     logN_ion:
#       __class__: astropy.units.function.logarithmic.Dex
#       unit: !astropy.units.Unit {unit: dex(1 / s)}
#       value: !astropy.table.SerializedColumn {name: logN_ion}
# schema: astropy-2.0
ID I17ID RAdeg DEdeg z e_z Conf EW0 e_EW0 MUV e_MUV logLLya e_logLLya Peaksep e_Peaksep FWHM e_FWHM Asym e_Asym Re e_Re axisratio e_axisratio f_esc_Lya e_f_esc_Lya logLLya_int e_logLLya_int logN_ion e_logN_ion logL1200 e_logL1200
[from data line 889]
103008055 0 53.07601 -27.82907 3.3603 0.0012 2 50.75 9.34 -19.433 0.064 42.42 0.4 0.0 0.0 244.32 67.24 0.08 0.06 4.15 0.0 0.25 0.0 0.244 0.045 43.033 0.191 53.957 0.083 40.715 0.191
103009056 0 53.07469 -27.8385 3.368 0.0021 2 143.35 38.42 -17.972 0.221 42.29 0.4 385.19 261.77 236.12 79.84 0.2 0.1 0.52 0.0 0.19 0.0 0.688 0.184 42.452 0.209 53.376 0.091 40.134 0.209
103010057 0 53.07091 -27.84628 3.4272 0.0011 2 546.14 0.0 -16.346 0.0 42.22 0.47 0.0 0.0 221.36 52.11 0.09 0.04 1.0 0.0 1.0 0.0 1.0 0.0 42.22 0.204 53.144 0.089 39.483 0.204
103011058 0 53.07666 -27.8334 3.5655 0.0013 2 110.63 53.62 -17.854 0.473 42.13 0.48 681.68 124.49 23.27 307.1 -0.1 0.15 2.25 0.0 0.22 0.0 0.531 0.257 42.405 0.296 53.329 0.129 40.086 0.296
103018081 0 53.07974 -27.83235 3.9159 0.0022 3 692.72 709.52 -16.616 1.084 42.43 0.46 0.0 0.0 307.73 186.21 0.25 0.19 1.0 0.0 1.0 0.0 1.0 0.0 42.43 0.2 53.354 0.087 39.589 0.488
103019082 0 53.07995 -27.83362 4.0223 0.0013 3 45.46 9.53 -19.414 0.078 42.37 0.45 0.0 0.0 229.72 52.26 0.16 0.07 5.14 0.0 0.55 0.0 0.218 0.046 43.032 0.215 53.956 0.093 40.712 0.216
103026097 0 53.07822 -27.8426 4.2789 0.0009 2 671.41 0.0 -16.607 0.0 42.41 0.36 560.97 25.38 154.54 90.45 0.16 0.16 1.0 0.0 1.0 0.0 1.0 0.0 42.41 0.156 53.334 0.068 39.583 0.156
103031105 0 53.07099 -27.83167 4.5043 0.0012 3 204.58 81.26 -18.027 0.402 42.46 0.32 0.0 0.0 145.17 41.81 0.11 0.07 2.61 0.0 0.4 0.0 1.0 0.0 42.46 0.139 53.384 0.06 40.149 0.221
103032106 0 53.07219 -27.83189 4.5037 0.0013 3 147.0 54.51 -18.147 0.344 42.37 0.44 0.0 0.0 179.49 65.32 0.05 0.12 1.5 0.0 0.5 0.0 0.706 0.262 42.521 0.25 53.445 0.109 40.203 0.25
103033107 0 53.0764 -27.8388 4.5068 0.0017 2 164.09 82.99 -17.539 0.479 42.17 0.56 0.0 0.0 189.86 94.09 0.26 0.1 4.08 0.0 0.2 0.0 0.788 0.398 42.273 0.328 53.197 0.142 39.955 0.327
103034108 0 53.07645 -27.83611 4.772 0.0017 1 47.84 43.92 -17.595 0.388 41.66 1.95 0.0 0.0 99.27 100.84 0.23 0.14 5.35 0.0 0.2 0.0 0.23 0.211 42.298 0.936 53.222 0.407 39.98 0.936
103044120 0 53.06945 -27.83923 5.3897 0.0019 1 70.51 37.89 -18.953 0.497 42.37 0.64 0.0 0.0 74.53 117.78 -0.31 0.29 1.55 0.0 0.62 0.0 0.338 0.182 42.841 0.364 53.765 0.158 40.522 0.363
103050126 0 53.06909 -27.83422 5.7772 0.0017 2 398.35 0.0 -16.941 0.0 42.32 0.86 0.0 0.0 136.62 97.53 0.01 0.22 1.0 0.0 1.0 0.0 1.0 0.0 42.32 0.373 53.244 0.162 39.72 0.373
104004029 0 53.08071 -27.84512 3.2155 0.0011 3 138.17 31.25 -17.989 0.18 42.28 0.35 0.0 0.0 254.28 71.39 0.06 0.08 2.01 0.0 0.6 0.0 0.663 0.15 42.458 0.181 53.382 0.079 40.14 0.181
104007038 0 53.07854 -27.85035 3.4247 0.0007 3 138.74 18.94 -18.989 0.108 42.68 0.21 432.34 38.4 173.42 49.86 0.18 0.06 1.24 0.0 0.63 0.0 0.666 0.091 42.857 0.109 53.781 0.047 40.538 0.109
104009041 0 53.07784 -27.84641 3.4865 0.001 2 164.72 62.76 -17.693 0.345 42.24 0.48 0.0 0.0 157.96 57.34 0.16 0.07 0.67 0.0 0.5 0.0 0.791 0.301 42.342 0.266 53.266 0.116 40.023 0.266
104012048 0 53.07593 -27.85257 3.5504 0.0011 2 16.72 15.98 -18.175 0.231 41.44 2.14 0.0 0.0 148.82 0.0 0.02 0.13 3.86 0.0 0.37 0.0 0.08 0.077 42.537 1.019 53.461 0.443 40.217 1.017
104015052 0 53.07621 -27.85842 3.6548 0.0011 3 80.04 10.59 -19.497 0.086 42.64 0.24 0.0 0.0 199.76 52.93 0.24 0.06 2.36 0.0 0.25 0.0 0.384 0.051 43.056 0.119 53.98 0.052 40.737 0.119
104019059 0 53.08675 -27.84781 4.0234 0.0009 2 54.0 9.29 -19.514 0.068 42.48 0.37 718.87 29.52 306.87 90.47 0.16 0.09 1.95 0.0 0.29 0.0 0.259 0.045 43.067 0.177 53.991 0.077 40.748 0.177
104024069 0 53.0844 -27.84311 4.2859 0.0013 1 65.96 22.92 -18.403 0.259 42.12 0.58 0.0 0.0 201.05 47.41 0.16 0.06 3.47 0.0 0.98 0.0 0.317 0.11 42.619 0.294 53.543 0.128 40.301 0.294
104032086 0 53.08571 -27.85349 4.7371 0.0016 2 79.91 21.25 -19.303 0.232 42.57 0.36 0.0 0.0 307.65 52.96 0.16 0.05 2.38 0.0 0.63 0.0 0.384 0.102 42.986 0.194 53.91 0.084 40.667 0.195
105005027 0 53.08995 -27.87263 3.2009 0.0011 3 83.39 8.59 -20.202 0.065 42.94 0.19 0.0 0.0 372.6 42.66 0.22 0.04 1.25 0.0 0.49 0.0 0.4 0.041 43.338 0.094 54.262 0.041 41.019 0.094
105007031 0 53.08468 -27.87467 3.5511 0.0015 2 78.53 17.7 -18.666 0.142 42.3 0.42 635.24 164.86 163.55 77.5 -0.03 0.12 1.78 0.0 0.55 0.0 0.377 0.085 42.724 0.207 53.648 0.09 40.405 0.207
105009034 0 53.08893 -27.86062 3.8305 0.0012 2 26.8 5.0 -20.253 0.044 42.47 0.42 0.0 0.0 232.16 55.51 -0.17 0.08 2.2 0.0 0.28 0.0 0.129 0.024 43.359 0.2 54.283 0.087 41.042 0.199
106003018 0 53.07478 -27.80484 2.9747 0.001 3 68.41 7.33 -19.713 0.054 42.66 0.22 0.0 0.0 273.54 42.48 0.19 0.03 0.73 0.0 0.3 0.0 0.328 0.035 43.144 0.106 54.068 0.046 40.825 0.106
106004019 0 53.0713 -27.80642 3.2214 0.0012 3 86.96 17.01 -18.866 0.116 42.43 0.38 0.0 0.0 334.41 59.77 0.23 0.05 3.75 0.0 0.39 0.0 0.417 0.082 42.81 0.186 53.734 0.081 40.491 0.185
106007033 0 53.08772 -27.8057 3.3908 0.0011 3 113.23 7.92 -20.192 0.046 43.07 0.13 0.0 0.0 330.68 19.16 0.17 0.02 1.01 0.0 0.5 0.0 0.544 0.038 43.334 0.064 54.258 0.028 41.016 0.064
106008034 0 53.07763 -27.79663 3.4113 0.0012 2 107.12 21.08 -18.535 0.124 42.39 0.37 0.0 0.0 177.73 93.25 -0.21 0.11 0.94 0.0 0.51 0.0 0.514 0.101 42.679 0.182 53.603 0.079 40.36 0.182
106009035 0 53.07875 -27.79501 3.4168 0.005 2 87.81 25.43 -18.277 0.184 42.2 0.54 208.89 636.03 100.02 83.24 0.29 0.08 0.94 0.0 0.5 0.0 0.421 0.122 42.576 0.266 53.5 0.116 40.256 0.266
106012043 0 53.07203 -27.79697 3.5718 0.0013 2 106.39 37.32 -17.774 0.276 42.08 0.55 0.0 0.0 174.1 117.12 0.26 0.17 3.77 0.0 0.44 0.0 0.511 0.179 42.372 0.283 53.296 0.123 40.053 0.283
106014046 0 53.07173 -27.79843 3.652 0.0008 3 64.11 3.77 -21.075 0.019 43.18 0.13 626.4 24.28 274.44 22.32 0.18 0.03 1.9 0.0 0.61 0.0 0.308 0.018 43.691 0.062 54.615 0.027 41.373 0.062
106015047 0 53.08612 -27.80187 3.6534 0.0011 3 22.81 6.62 -19.405 0.072 42.06 0.65 0.0 0.0 193.11 52.72 0.22 0.06 0.5 0.0 0.44 0.0 0.109 0.032 43.023 0.31 53.947 0.135 40.702 0.309
106019055 0 53.07318 -27.80196 3.9567 0.0012 3 129.99 34.81 -18.594 0.239 42.49 0.35 0.0 0.0 182.37 36.47 0.22 0.03 0.81 0.0 1.0 0.0 0.624 0.167 42.695 0.191 53.619 0.083 40.376 0.192
106021059 0 53.08808 -27.80403 4.0879 0.0018 3 138.49 17.98 -19.222 0.099 42.77 0.21 311.31 187.05 221.68 18.34 0.19 0.02 2.51 0.0 0.45 0.0 0.665 0.086 42.947 0.107 53.871 0.046 40.629 0.107
106025070 0 53.08424 -27.79555 4.123 0.0013 2 461.13 0.0 -16.635 0.0 42.26 0.5 0.0 0.0 119.51 81.68 0.18 0.16 1.0 0.0 1.0 0.0 1.0 0.0 42.26 0.217 53.184 0.094 39.596 0.217
106027072 0 53.07838 -27.79542 4.2783 0.0013 3 92.32 0.0 -18.957 0.0 42.49 0.38 0.0 0.0 233.16 51.21 0.15 0.08 0.92 0.0 0.5 0.0 0.443 0.0 42.844 0.165 53.768 0.072 40.525 0.165
106032083 0 53.07551 -27.80684 4.3584 0.0014 2 103.81 44.92 -17.952 0.325 42.14 0.72 0.0 0.0 230.4 76.85 0.19 0.09 1.21 0.0 0.64 0.0 0.498 0.216 42.443 0.365 53.367 0.159 40.124 0.365
106035088 0 53.07147 -27.7984 4.7168 0.0018 2 63.04 10.71 -19.856 0.095 42.68 0.33 0.0 0.0 309.13 92.43 0.26 0.06 4.42 0.0 0.23 0.0 0.303 0.051 43.199 0.161 54.123 0.07 40.88 0.161
107004077 0 53.0841 -27.81323 3.0536 0.0012 2 251.4 130.43 -17.495 0.524 42.34 0.42 602.17 138.11 83.49 245.69 0.22 0.23 0.94 0.0 0.31 0.0 1.0 0.0 42.34 0.182 53.264 0.079 39.94 0.29
107008086 0 53.0914 -27.81415 3.2538 0.001 3 83.16 29.5 -18.01 0.257 42.07 0.6 0.0 0.0 47.53 142.29 0.17 0.11 2.52 0.0 0.37 0.0 0.399 0.142 42.469 0.303 53.393 0.132 40.15 0.303
107015098 0 53.08402 -27.82342 3.6531 0.0016 3 21.34 3.07 -20.795 0.021 42.59 0.33 0.0 0.0 377.75 106.51 0.19 0.09 0.86 0.0 0.51 0.0 0.102 0.015 43.581 0.157 54.505 0.068 41.261 0.156
107016099 0 53.08168 -27.8111 3.7083 0.0014 3 55.16 5.43 -20.583 0.036 42.92 0.21 0.0 0.0 394.99 49.76 0.19 0.04 1.95 0.0 0.81 0.0 0.265 0.026 43.497 0.101 54.421 0.044 41.178 0.101
107024120 0 53.0815 -27.8268 4.2793 0.0014 2 47.11 17.73 -18.661 0.223 42.08 0.72 0.0 0.0 174.28 102.34 0.1 0.18 11.25 0.0 0.37 0.0 0.226 0.085 42.726 0.353 53.65 0.153 40.407 0.353
107033150 0 53.09364 -27.82035 4.7985 0.0019 2 83.37 15.03 -19.864 0.141 42.81 0.29 0.0 0.0 495.54 71.59 0.23 0.05 2.29 0.0 0.41 0.0 0.4 0.072 43.208 0.148 54.132 0.064 40.889 0.148
107034151 0 53.08097 -27.82126 4.8044 0.0027 3 70.98 8.94 -19.726 0.066 42.68 0.25 463.58 253.22 219.43 31.79 0.23 0.05 0.69 0.0 0.47 0.0 0.341 0.043 43.147 0.122 54.071 0.053 40.829 0.122
107041159 0 53.08799 -27.81312 5.3128 0.0014 3 88.38 9.62 -20.148 0.044 42.95 0.23 0.0 0.0 183.07 20.65 0.33 0.03 5.54 0.0 0.65 0.0 0.424 0.046 43.323 0.11 54.247 0.048 41.004 0.11
108006104 0 53.09532 -27.82316 3.1631 0.0015 2 46.88 6.83 -19.929 0.056 42.58 0.31 0.0 0.0 342.87 119.16 0.24 0.09 7.16 0.0 0.75 0.0 0.225 0.033 43.228 0.149 54.152 0.065 40.909 0.149
108009107 0 53.09144 -27.83961 3.3816 0.0019 2 423.85 124.29 -16.939 0.247 42.34 0.42 759.82 223.84 407.82 118.8 0.0 0.09 1.0 0.0 0.5 0.0 1.0 0.0 42.34 0.182 53.264 0.079 39.713 0.222
108010108 0 53.09115 -27.8277 3.475 0.0016 2 47.69 15.13 -18.619 0.128 42.07 0.68 0.0 0.0 196.07 119.24 0.09 0.13 2.12 0.0 0.45 0.0 0.229 0.073 42.71 0.326 53.634 0.142 40.392 0.326
108017130 0 53.09593 -27.8294 4.0448 0.0015 2 163.01 41.48 -18.483 0.183 42.55 0.44 0.0 0.0 300.05 113.0 0.17 0.14 3.64 0.0 0.26 0.0 0.782 0.199 42.657 0.221 53.581 0.096 40.338 0.221
108030156 0 53.08345 -27.83096 4.8442 0.0016 2 98.87 20.35 -19.095 0.128 42.58 0.39 0.0 0.0 224.42 56.46 0.3 0.07 2.14 0.0 0.54 0.0 0.475 0.098 42.903 0.192 53.827 0.083 40.585 0.192
109003027 0 53.08913 -27.84309 3.2004 0.0049 2 122.07 51.79 -17.417 0.316 42.0 0.71 218.11 658.78 135.21 297.49 0.4 0.22 1.0 0.0 1.0 0.0 0.586 0.249 42.232 0.36 53.156 0.156 39.913 0.36
109004028 0 53.09935 -27.8392 3.2669 0.0018 2 33.91 7.22 -19.647 0.048 42.33 0.48 0.0 0.0 318.05 179.61 0.27 0.19 3.97 0.0 0.33 0.0 0.163 0.035 43.118 0.228 54.042 0.099 40.8 0.228
109006034 0 53.09828 -27.84658 3.3725 0.0037 2 71.0 14.02 -18.983 0.097 42.39 0.4 502.64 475.0 420.28 97.05 0.25 0.08 3.24 0.0 0.55 0.0 0.341 0.067 42.857 0.194 53.781 0.084 40.539 0.194
109008036 0 53.09898 -27.84684 3.5842 0.001 1 85.72 21.76 -18.412 0.157 42.24 0.48 0.0 0.0 14.44 166.0 -0.07 0.05 1.0 0.0 1.0 0.0 0.411 0.104 42.626 0.236 53.55 0.102 40.307 0.236
109009037 0 53.09645 -27.84054 3.5922 0.001 3 34.23 4.61 -20.224 0.032 42.57 0.3 0.0 0.0 65.94 534.69 0.25 0.13 5.78 0.0 0.19 0.0 0.164 0.022 43.355 0.143 54.279 0.062 41.036 0.143
109010038 0 53.09467 -27.85129 3.6042 0.0011 2 291.02 240.52 -16.83 0.858 42.14 0.52 0.0 0.0 129.94 44.91 0.2 0.05 1.0 0.0 1.0 0.0 1.0 0.0 42.14 0.226 53.064 0.098 39.676 0.424
109014056 0 53.09161 -27.85506 4.0605 0.0014 3 59.39 14.3 -19.02 0.114 42.32 0.5 0.0 0.0 238.64 74.06 0.09 0.08 2.79 0.0 0.76 0.0 0.285 0.069 42.865 0.241 53.789 0.105 40.546 0.241
109015057 0 53.09419 -27.85278 4.0587 0.0015 3 866.84 0.0 -16.533 0.0 42.49 0.38 558.99 139.33 191.12 37.72 0.2 0.06 1.0 0.0 1.0 0.0 1.0 0.0 42.49 0.165 53.414 0.072 39.552 0.165
109017059 0 53.09995 -27.83842 4.1481 0.0014 3 60.41 8.99 -20.152 0.048 42.78 0.33 0.0 0.0 272.99 63.98 0.16 0.08 3.36 0.0 0.26 0.0 0.29 0.043 43.318 0.157 54.242 0.068 40.999 0.157
109024083 0 53.08971 -27.84514 4.735 0.0051 2 35.29 8.1 -19.912 0.067 42.45 0.51 706.24 498.22 321.99 147.23 0.1 0.15 3.64 0.0 0.3 0.0 0.169 0.039 43.222 0.243 54.146 0.106 40.902 0.243
109025084 0 53.10303 -27.84144 4.7687 0.0009 3 140.68 30.07 -18.691 0.179 42.57 0.31 413.84 25.06 149.39 23.06 0.14 0.04 1.0 0.0 1.0 0.0 0.675 0.144 42.741 0.163 53.665 0.071 40.422 0.163
110002003 0 53.10474 -27.85706 3.352 0.0012 2 70.0 20.98 -18.435 0.153 42.16 0.61 483.18 138.42 82.43 180.52 -0.03 0.19 1.0 0.0 1.0 0.0 0.336 0.101 42.634 0.295 53.558 0.128 40.315 0.295
110003005 0 53.11131 -27.86294 3.4125 0.0008 2 369.09 122.58 -18.245 0.338 42.81 0.26 532.72 36.51 244.11 48.04 0.12 0.05 2.61 0.0 0.28 0.0 1.0 0.0 42.81 0.113 53.734 0.049 40.243 0.183
110004006 0 53.10865 -27.86447 3.4123 0.0026 2 69.05 7.32 -19.795 0.045 42.7 0.22 631.38 326.49 388.74 84.31 0.18 0.06 6.72 0.0 0.32 0.0 0.331 0.035 43.18 0.106 54.104 0.046 40.861 0.106
110006008 0 53.10292 -27.86317 3.6999 0.0021 3 57.87 7.87 -19.558 0.065 42.53 0.28 561.5 243.48 286.42 108.53 0.08 0.13 2.53 0.0 0.38 0.0 0.278 0.038 43.086 0.135 54.01 0.059 40.768 0.135
110007009 0 53.09457 -27.85621 3.7021 0.0042 3 96.78 14.7 -19.38 0.09 42.68 0.29 510.38 499.85 246.72 62.5 0.29 0.04 5.16 0.0 0.91 0.0 0.465 0.071 43.013 0.142 53.937 0.062 40.694 0.142
110015049 0 53.10448 -27.86724 4.1425 0.0014 2 56.34 9.59 -19.947 0.058 42.67 0.37 0.0 0.0 204.17 68.52 0.33 0.11 3.75 0.0 0.92 0.0 0.27 0.046 43.239 0.177 54.163 0.077 40.919 0.177
110018062 0 53.10563 -27.86284 4.6456 0.0011 2 40.52 14.67 -19.602 0.092 42.39 0.81 0.0 0.0 15.56 135.62 -0.1 0.09 1.0 0.0 0.5 0.0 0.194 0.07 43.102 0.385 54.026 0.167 40.782 0.386
111001001 0 53.0895 -27.79506 3.0899 0.0013 3 164.72 52.47 -17.717 0.255 42.25 0.49 0.0 0.0 200.89 114.96 0.33 0.06 1.0 0.0 1.0 0.0 0.791 0.252 42.352 0.254 53.276 0.11 40.033 0.254
111002002 0 53.09027 -27.80699 3.4849 0.0013 1 98.23 32.7 -17.952 0.228 42.12 0.59 0.0 0.0 281.3 139.77 -0.14 0.18 1.0 0.0 1.0 0.0 0.472 0.157 42.446 0.294 53.37 0.128 40.128 0.294
111009022 0 53.09957 -27.80215 4.2058 0.0032 3 45.58 5.67 -20.609 0.034 42.84 0.28 225.77 338.6 443.68 72.03 0.15 0.05 3.36 0.0 0.37 0.0 0.219 0.027 43.5 0.133 54.424 0.058 41.181 0.133
111010023 0 53.10017 -27.79439 4.2827 0.0016 2 102.42 59.86 -17.982 0.539 42.15 0.7 0.0 0.0 189.6 104.62 0.19 0.17 1.0 0.0 1.0 0.0 0.492 0.287 42.458 0.396 53.382 0.172 40.14 0.396
111015030 0 53.0981 -27.80105 4.4874 0.0013 3 75.22 22.01 -18.94 0.258 42.39 0.39 0.0 0.0 140.62 54.78 0.14 0.1 3.89 0.0 0.1 0.0 0.361 0.106 42.832 0.212 53.756 0.092 40.514 0.212
111016031 0 53.10222 -27.79321 4.4986 0.0012 3 95.55 14.49 -19.576 0.077 42.75 0.31 0.0 0.0 199.85 19.45 0.17 0.03 3.42 0.0 0.42 0.0 0.459 0.07 43.088 0.15 54.012 0.065 40.77 0.15
111021036 0 53.10331 -27.79967 5.9916 0.0019 3 146.78 26.66 -19.936 0.064 43.08 0.4 0.0 0.0 309.68 53.05 0.18 0.05 3.72 0.0 0.31 0.0 0.705 0.128 43.232 0.191 54.156 0.083 40.913 0.191
112005037 0 53.10819 -27.8174 3.0557 0.001 2 211.86 75.5 -17.566 0.314 42.29 0.47 0.0 0.0 224.12 72.33 0.06 0.09 1.0 0.0 1.0 0.0 1.0 0.0 42.29 0.204 53.214 0.089 39.964 0.256
112006038 0 53.10331 -27.81587 3.3281 0.0013 3 238.94 69.17 -17.82 0.251 42.45 0.4 0.0 0.0 263.48 122.82 0.16 0.15 1.0 0.0 1.0 0.0 1.0 0.0 42.45 0.174 53.374 0.076 40.072 0.214
112007039 0 53.09872 -27.80802 3.4606 0.0008 2 79.67 21.39 -18.44 0.156 42.22 0.52 395.15 68.74 103.18 42.32 0.19 0.05 0.93 0.0 0.38 0.0 0.382 0.103 42.638 0.254 53.562 0.11 40.319 0.254
112014060 0 53.10416 -27.81728 4.283 0.0018 3 84.53 18.82 -18.751 0.153 42.37 0.39 0.0 0.0 201.35 105.46 0.12 0.14 4.65 0.0 0.2 0.0 0.406 0.09 42.761 0.195 53.685 0.085 40.443 0.195
112022074 0 53.10229 -27.81857 4.7691 0.0022 3 71.01 27.13 -18.784 0.212 42.31 0.75 0.0 0.0 252.46 135.23 0.19 0.14 3.15 0.0 0.55 0.0 0.341 0.13 42.777 0.366 53.701 0.159 40.459 0.365
112027079 0 53.10192 -27.81079 5.1236 0.0014 2 1020.6 0.0 -16.633 0.0 42.6 0.36 0.0 0.0 173.56 70.22 0.28 0.15 1.0 0.0 1.0 0.0 1.0 0.0 42.6 0.156 53.524 0.068 39.591 0.156
113005024 0 53.10082 -27.83075 3.2671 0.0009 3 88.69 38.81 -17.757 0.381 41.99 0.6 0.0 0.0 50.1 87.86 0.18 0.08 1.0 0.0 0.5 0.0 0.426 0.186 42.361 0.322 53.285 0.14 40.042 0.323
113007030 0 53.1139 -27.83117 3.6407 0.0042 3 73.08 12.29 -19.405 0.065 42.57 0.36 1649.33 475.05 298.42 138.22 -0.23 0.19 3.02 0.0 0.26 0.0 0.351 0.059 43.025 0.172 53.949 0.075 40.706 0.173
113014051 0 53.10108 -27.83154 4.1509 0.0047 1 73.7 35.17 -18.517 0.382 42.22 0.74 239.99 519.72 287.12 157.17 0.02 0.18 4.94 0.0 0.24 0.0 0.354 0.169 42.671 0.383 53.595 0.166 40.353 0.382
114006067 0 53.11138 -27.83609 3.4335 0.0011 3 71.74 20.49 -18.406 0.143 42.16 0.58 0.0 0.0 167.35 57.65 0.23 0.07 2.16 0.0 0.48 0.0 0.344 0.098 42.623 0.281 53.547 0.122 40.304 0.281
