data_Kerutt22/tableb1_Kerutt22_v1.dat
# %ECSV 1.0
# ---
# datatype:
# - {name: ID, datatype: int64}
# - {name: I17ID, datatype: int64}
# - {name: RAdeg, unit: deg, datatype: float64}
# - {name: DEdeg, unit: deg, datatype: float64}
# - {name: z, datatype: float64}
# - {name: e_z, datatype: float64}
# - {name: Conf, datatype: int64}
# - {name: EW0, unit: Angstrom, datatype: float64}
# - {name: e_EW0, unit: Angstrom, datatype: float64}
# - {name: MUV, unit: mag, datatype: float64}
# - {name: e_MUV, unit: mag, datatype: float64}
# - {name: logLLya, unit: dex(erg / s), datatype: float64}
# - {name: e_logLLya, unit: dex(erg / s), datatype: float64}
# - {name: Peaksep, unit: km / s, datatype: float64}
# - {name: e_Peaksep, unit: km / s, datatype: float64}
# - {name: FWHM, unit: km / s, datatype: float64}
# - {name: e_FWHM, unit: km / s, datatype: float64}
# - {name: Asym, datatype: float64}
# - {name: e_Asym, datatype: float64}
# - {name: Re, unit: kpc, datatype: float64}
# - {name: e_Re, unit: kpc, datatype: float64}
# - {name: axisratio, datatype: float64}
# - {name: e_axisratio, datatype: float64}
# - {name: f_esc_Lya, datatype: float64}
# - {name: e_f_esc_Lya, datatype: float64}
# - {name: logLLya_int, unit: dex(erg / s), datatype: float64}
# - {name: e_logLLya_int, unit: dex(erg / s), datatype: float64}
# - {name: logN_ion, unit: dex(1 / s), datatype: float64}
# - {name: e_logN_ion, unit: dex(1 / s), datatype: float64}
# - {name: logL1200, unit: dex(erg / (Angstrom s)), datatype: float64}
# - {name: e_logL1200, unit: dex(erg / (Angstrom s)), datatype: float64}
# meta: !!omap
# - __serialized_columns__:
#     DEdeg:
#       __class__: astropy.units.quantity.Quantity
#       unit: &id001 !astropy.units.Unit {unit: deg}
#       value: !astropy.table.SerializedColumn {name: DEdeg}
#     EW0:
#       __class__: astropy.units.quantity.Quantity
#       unit: &id002 !astropy.units.Unit {unit: Angstrom}
#       value: !astropy.table.SerializedColumn {name: EW0}
#     FWHM:
#       __class__: astropy.units.quantity.Quantity
#       unit: !astropy.units.Unit {unit: km / s}
#       value: !astropy.table.SerializedColumn {name: FWHM}
#     MUV:
#       __class__: astropy.units.quantity.Quantity
#       unit: &id003 !astropy.units.Unit {unit: mag}
#       value: !astropy.table.SerializedColumn {name: MUV}
#     Peaksep:
#       __class__: astropy.units.quantity.Quantity
#       unit: !astropy.units.Unit {unit: km / s}
#       value: !astropy.table.SerializedColumn {name: Peaksep}
#     RAdeg:
#       __class__: astropy.units.quantity.Quantity
#       unit: *id001
#       value: !astropy.table.SerializedColumn {name: RAdeg}
#     Re:
#       __class__: astropy.units.quantity.Quantity
#       unit: &id004 !astropy.units.Unit {unit: kpc}
#       value: !astropy.table.SerializedColumn {name: Re}
#     e_EW0:
#       __class__: astropy.units.quantity.Quantity
#       unit: *id002
#       value: !astropy.table.SerializedColumn {name: e_EW0}
#     e_FWHM:
#       __class__: astropy.units.quantity.Quantity
#       unit: !astropy.units.Unit {unit: km / s}
#       value: !astropy.table.SerializedColumn {name: e_FWHM}
#     e_MUV:
#       __class__: astropy.units.quantity.Quantity
#       unit: *id003
#       value: !astropy.table.SerializedColumn {name: e_MUV}
#     e_Peaksep:
#       __class__: astropy.units.quantity.Quantity
[...]
#     e_logLLya:
#       __class__: astropy.units.function.logarithmic.Dex
#       unit: !astropy.units.Unit {unit: dex(erg / s)}
#       value: !astropy.table.SerializedColumn {name: e_logLLya}
#     e_logLLya_int:
#       __class__: astropy.units.function.logarithmic.Dex
#       unit: !astropy.units.Unit {unit: dex(erg / s)}
#       value: !astropy.table.SerializedColumn {name: e_logLLya_int}
#     e_logN_ion:
#       __class__: astropy.units.function.logarithmic.Dex
#       unit: !astropy.units.Unit {unit: dex(1 / s)}
#       value: !astropy.table.SerializedColumn {name: e_logN_ion}
#     logL1200:
#       __class__: astropy.units.function.logarithmic.Dex
#       unit: !astropy.units.Unit {unit: dex(erg / (Angstrom s))}
#       value: !astropy.table.SerializedColumn {name: logL1200}
#     logLLya:
#       __class__: astropy.units.function.logarithmic.Dex
#       unit: !astropy.units.Unit {unit: dex(erg / s)}
#       value: !astropy.table.SerializedColumn {name: logLLya}
#     logLLya_int:
#       __class__: astropy.units.function.logarithmic.Dex
#       unit: !astropy.units.Unit {unit: dex(erg / s)}
#       value: !astropy.table.SerializedColumn {name: logLLya_int}
#     logN_ion:
#       __class__: astropy.units.function.logarithmic.Dex
#       unit: !astropy.units.Unit {unit: dex(1 / s)}
#       value: !astropy.table.SerializedColumn {name: logN_ion}
# schema: astropy-2.0
ID I17ID RAdeg DEdeg z e_z Conf EW0 e_EW0 MUV e_MUV logLLya e_logLLya Peaksep e_Peaksep FWHM e_FWHM Asym e_Asym Re e_Re axisratio e_axisratio f_esc_Lya e_f_esc_Lya logLLya_int e_logLLya_int logN_ion e_logN_ion logL1200 e_logL1200
[from data line 1773]
259010057 0 150.12929 2.31886 3.2785 0.015 1 486.61 0.0 -16.252 0.0 42.13 0.95 0.0 0.0 266.32 188.01 0.09 0.22 1.0 0.0 1.0 0.0 1.0 0.0 42.13 0.413 53.054 0.179 39.443 0.413
259011058 0 150.12483 2.32128 3.4176 0.0033 2 118.33 44.33 -18.107 0.216 42.26 0.73 0.0 0.0 215.14 102.88 0.31 0.07 0.92 0.45 1.0 0.0 0.568 0.213 42.506 0.356 53.43 0.155 40.187 0.356
259013060 0 150.11827 2.31765 3.4939 0.0073 1 82.45 29.81 -18.516 0.223 42.26 0.68 0.0 0.0 367.09 164.86 0.1 10.0 2.36 0.66 0.68 0.25 0.396 0.143 42.662 0.334 53.586 0.145 40.344 0.334
259014061 0 150.11461 2.32354 3.5006 0.0014 2 202.55 53.78 -18.289 0.18 42.56 0.48 260.92 158.89 379.38 328.8 -0.2 0.29 1.0 0.0 1.0 0.0 1.0 0.0 42.56 0.208 53.484 0.09 40.253 0.238
259025087 0 150.11522 2.32879 3.9404 0.0013 2 244.43 79.11 -18.407 0.195 42.69 0.62 505.89 127.79 214.85 72.4 0.17 0.09 0.81 0.35 1.0 0.0 1.0 0.0 42.69 0.269 53.614 0.117 40.302 0.304
259026088 0 150.12732 2.32493 3.9689 0.0097 2 571.45 0.0 -17.0 0.0 42.5 0.65 0.0 0.0 267.02 122.42 0.1 10.0 1.0 0.0 1.0 0.0 1.0 0.0 42.5 0.282 53.424 0.122 39.743 0.282
259042120 0 150.12386 2.32084 4.3448 0.0337 1 381.28 0.0 -16.961 0.0 42.31 0.99 0.0 0.0 237.97 136.43 0.04 0.19 1.0 0.0 1.0 0.0 1.0 0.0 42.31 0.43 53.234 0.187 39.729 0.43
259047127 0 150.12804 2.32019 4.4353 0.0038 2 227.17 77.02 -18.271 0.284 42.61 0.49 0.0 0.0 177.48 50.92 0.18 0.08 1.0 0.0 1.0 0.0 1.0 0.0 42.61 0.213 53.534 0.093 40.254 0.258
259049129 0 150.11369 2.32314 4.4949 0.0053 2 73.51 17.94 -19.413 0.077 42.57 0.54 0.0 0.0 210.33 79.2 0.1 10.0 3.07 0.41 0.21 0.14 0.353 0.086 43.022 0.258 53.946 0.112 40.704 0.257
259053138 0 150.12166 2.32038 4.5341 0.0038 2 226.86 84.94 -18.188 0.311 42.57 0.55 0.0 0.0 181.84 46.11 0.19 0.07 1.0 0.0 1.0 0.0 1.0 0.0 42.57 0.239 53.494 0.104 40.214 0.289
259055140 0 150.12489 2.32037 4.6868 0.0032 1 167.22 47.28 -19.227 0.183 42.86 0.52 0.0 0.0 25.56 193.01 -0.12 0.13 1.0 0.0 1.0 0.0 0.803 0.227 42.955 0.257 53.879 0.112 40.637 0.257
259062150 0 150.1143 2.32726 4.9105 0.0081 1 3.63 1.28 -22.175 0.021 42.37 0.81 0.0 0.0 59.66 123.54 0.1 10.0 6.89 0.22 0.52 0.01 0.017 0.006 44.14 0.383 55.064 0.166 41.81 0.384
259064152 0 150.12849 2.32718 5.1885 0.0032 1 190.18 50.7 -19.447 0.157 43.0 0.51 0.0 0.0 138.04 38.38 -0.03 0.08 5.73 1.0 0.17 0.1 0.913 0.243 43.04 0.25 53.964 0.109 40.721 0.25
259065153 0 150.11519 2.3193 5.2466 0.1604 2 387.84 0.0 -17.417 0.0 42.5 1.09 0.0 0.0 108.85 205.73 0.02 0.5 1.0 0.0 1.0 0.0 1.0 0.0 42.5 0.473 53.424 0.205 39.911 0.474
301006546 0 53.26112 -27.68733 3.0538 0.0077 2 229.46 74.92 -17.501 0.191 42.3 0.63 0.0 0.0 181.6 108.44 0.1 10.0 2.35 0.64 0.31 0.23 1.0 0.0 42.3 0.274 53.224 0.119 39.939 0.308
301007547 0 53.26571 -27.68732 3.0552 0.0056 2 54.02 21.22 -18.522 0.083 42.08 0.89 0.0 0.0 378.33 153.6 0.25 0.11 2.06 0.18 0.46 0.08 0.259 0.102 42.667 0.423 53.591 0.184 40.347 0.423
301008548 0 53.2639 -27.69422 3.0999 0.0143 2 400.14 123.2 -17.188 0.227 42.42 0.52 0.0 0.0 266.55 88.53 0.13 0.11 4.57 1.29 0.2 0.0 1.0 0.0 42.42 0.226 53.344 0.098 39.818 0.262
301010551 0 53.25956 -27.68777 3.4334 0.0011 2 390.8 130.12 -17.612 0.314 42.58 0.37 606.51 109.77 177.51 82.02 0.16 0.1 4.93 1.19 0.13 0.13 1.0 0.0 42.58 0.161 53.504 0.07 39.988 0.216
301011552 0 53.26062 -27.68539 3.45 0.0039 1 698.12 0.0 -15.79 0.0 42.1 0.89 0.0 0.0 129.43 121.69 0.1 10.0 1.0 0.0 1.0 0.0 1.0 0.0 42.1 0.387 53.024 0.168 39.256 0.387
301012553 0 53.26594 -27.68524 3.4759 0.0007 3 30.28 3.82 -21.044 0.019 42.84 0.29 303.79 34.01 376.39 128.95 0.18 0.09 1.45 0.09 0.73 0.03 0.145 0.018 43.679 0.137 54.603 0.059 41.359 0.137
301022584 0 53.26978 -27.69203 3.9345 0.0007 1 95.63 29.51 -18.502 0.073 42.32 0.69 317.71 32.07 161.32 115.9 -0.38 0.07 1.0 0.0 1.0 0.0 0.459 0.142 42.658 0.329 53.582 0.143 40.339 0.329
301023585 0 53.26335 -27.68047 3.9957 0.0041 2 41.69 13.36 -19.271 0.057 42.27 0.73 0.0 0.0 221.09 91.45 0.25 0.09 1.05 0.13 0.57 0.16 0.2 0.064 42.969 0.346 53.893 0.15 40.65 0.346
301024586 0 53.26003 -27.69013 4.0727 0.004 2 99.16 19.26 -19.501 0.04 42.74 0.44 0.0 0.0 232.82 83.75 0.34 0.22 2.92 0.17 0.36 0.04 0.476 0.092 43.062 0.209 53.986 0.091 40.744 0.209
301029592 0 53.26279 -27.68026 4.5892 0.0008 1 80.39 21.6 -18.936 0.101 42.42 0.58 167.9 38.19 91.7 275.07 0.41 0.09 5.98 0.55 0.14 0.04 0.386 0.104 42.833 0.278 53.757 0.121 40.515 0.278
301033598 0 53.26089 -27.6918 4.7805 0.0011 2 127.66 31.02 -18.52 0.102 42.46 0.52 478.98 60.34 121.08 48.81 0.27 0.06 2.09 0.33 0.98 0.15 0.613 0.149 42.673 0.249 53.597 0.108 40.354 0.249
301035600 0 53.25951 -27.68617 4.9186 0.0074 3 123.92 22.52 -19.528 0.035 42.85 0.41 0.0 0.0 381.23 69.92 0.1 10.0 3.54 0.4 0.48 0.07 0.595 0.108 43.075 0.195 53.999 0.085 40.757 0.195
301040645 0 53.26885 -27.68498 5.089 0.0092 1 58.51 15.93 -19.715 0.033 42.6 0.62 0.0 0.0 338.6 143.62 0.19 0.13 4.09 0.19 0.45 0.03 0.281 0.076 43.151 0.294 54.075 0.128 40.833 0.294
301041646 0 53.27388 -27.68368 5.0882 0.015 2 15.84 4.04 -21.304 0.014 42.66 0.59 0.0 0.0 454.55 142.05 0.18 0.18 2.06 0.32 1.0 0.07 0.076 0.019 43.779 0.278 54.703 0.121 41.46 0.279
302006070 0 53.25282 -27.68355 3.4147 0.0037 1 29.49 10.81 -18.998 0.044 42.01 0.84 0.0 0.0 174.39 112.85 0.1 10.0 0.91 0.1 0.31 0.24 0.142 0.052 42.858 0.398 53.782 0.173 40.54 0.398
302008075 0 53.24986 -27.67213 3.4787 0.0007 3 2164.76 0.0 -15.566 0.0 42.5 0.47 266.83 53.51 294.48 269.28 -0.16 0.32 1.0 0.0 1.0 0.0 1.0 0.0 42.5 0.204 53.424 0.089 39.165 0.204
302010085 0 53.25734 -27.6833 3.71 0.0244 2 141.2 32.2 -18.459 0.101 42.48 0.48 0.0 0.0 292.25 83.45 0.01 0.11 8.47 1.93 0.61 0.13 0.678 0.155 42.649 0.231 53.573 0.1 40.33 0.231
302011086 0 53.24813 -27.67993 3.8064 0.0379 1 48.65 17.8 -18.444 0.072 42.01 0.83 0.0 0.0 148.7 103.62 0.02 0.16 3.62 0.53 0.63 0.11 0.234 0.085 42.641 0.393 53.565 0.171 40.323 0.394
302012087 0 53.2557 -27.68287 3.833 0.0038 1 457.8 0.0 -16.578 0.0 42.23 0.82 0.0 0.0 128.6 89.69 -0.13 0.15 1.0 0.0 1.0 0.0 1.0 0.0 42.23 0.356 53.154 0.155 39.569 0.357
302030130 0 53.26442 -27.67393 4.5352 0.0287 2 95.61 22.17 -18.866 0.094 42.47 0.49 0.0 0.0 267.97 76.59 0.21 0.11 1.41 0.22 0.67 0.16 0.459 0.106 42.808 0.235 53.732 0.102 40.489 0.236
302033133 0 53.25353 -27.68441 4.7837 0.0433 2 100.55 42.11 -17.861 0.113 42.09 0.93 0.0 0.0 170.66 70.6 -0.0 0.12 3.77 0.4 0.2 0.0 0.483 0.202 42.406 0.443 53.33 0.192 40.088 0.443
302034134 0 53.24402 -27.67642 4.78 0.0011 2 571.87 0.0 -17.076 0.0 42.53 0.6 573.45 49.59 189.0 82.33 -0.19 0.13 1.0 0.0 1.0 0.0 1.0 0.0 42.53 0.261 53.454 0.113 39.773 0.261
302035135 0 53.25405 -27.68625 4.8747 0.0062 2 146.64 38.59 -18.413 0.098 42.47 0.57 0.0 0.0 287.9 118.26 0.34 0.17 3.74 0.63 0.2 0.0 0.704 0.185 42.622 0.273 53.546 0.119 40.304 0.272
302037137 0 53.24913 -27.67301 4.8965 437.9907 2 371.56 84.8 -17.831 0.166 42.64 0.39 284.42 42376958.7 170.82 29394.1 0.1 10.0 13.43 2.76 0.3 0.05 1.0 0.0 42.64 0.169 53.564 0.073 40.07 0.196
302038138 0 53.24569 -27.67703 4.8972 0.0047 2 143.08 33.91 -18.371 0.112 42.45 0.49 0.0 0.0 189.29 65.67 0.19 0.1 2.76 0.39 0.2 0.0 0.687 0.163 42.613 0.236 53.537 0.102 40.294 0.237
302054157 0 53.25783 -27.68352 6.2449 922.4065 1 606.4 0.0 -16.923 0.0 42.49 1.05 0.0 0.0 138.21 24293.37 0.1 10.0 1.0 0.0 1.0 0.0 1.0 0.0 42.49 0.456 53.414 0.198 39.707 0.456
303002002 0 53.25114 -27.68704 3.0695 0.0031 1 52.52 13.73 -18.639 0.162 42.12 0.49 0.0 0.0 189.34 107.39 0.25 0.09 2.86 0.6 0.45 0.15 0.252 0.066 42.719 0.241 53.643 0.105 40.4 0.241
303004011 0 53.2329 -27.68669 3.0908 0.0071 2 1716.69 0.0 -15.14 0.0 42.23 0.55 0.0 0.0 194.88 132.2 0.1 10.0 1.0 0.0 1.0 0.0 1.0 0.0 42.23 0.239 53.154 0.104 38.995 0.239
303006018 0 53.24546 -27.69357 3.1084 0.0082 1 99.84 82.34 -17.093 0.731 41.78 1.08 0.0 0.0 160.81 144.5 0.1 0.17 1.0 0.0 1.0 0.0 0.479 0.395 42.1 0.59 53.024 0.257 39.781 0.59
303007019 0 53.24373 -27.68974 3.1086 0.0027 1 203.55 68.99 -16.969 0.169 42.04 0.69 0.0 0.0 173.42 118.42 0.13 0.17 1.0 0.0 1.0 0.0 1.0 0.0 42.04 0.3 52.964 0.13 39.731 0.334
303008020 0 53.24688 -27.68743 3.1158 0.0045 3 54.02 12.54 -18.818 0.05 42.2 0.52 0.0 0.0 318.43 77.98 0.22 0.08 1.61 0.2 0.41 0.09 0.259 0.06 42.787 0.247 53.711 0.107 40.467 0.248
303010023 0 53.24632 -27.68564 3.118 0.0627 1 16.36 5.26 -19.739 0.052 42.05 0.73 0.0 0.0 594.52 276.47 0.18 0.2 1.7 0.07 0.46 0.03 0.079 0.025 43.152 0.346 54.076 0.15 40.836 0.347
303011024 0 53.24116 -27.69299 3.18 0.0036 1 1043.49 0.0 -15.437 0.0 42.14 0.76 0.0 0.0 161.68 123.15 -0.04 0.23 3.0 0.0 0.5 0.0 1.0 0.0 42.14 0.33 53.064 0.143 39.122 0.33
303015038 0 53.23973 -27.69541 3.3149 0.0013 2 120.6 29.71 -18.169 0.086 42.29 0.54 394.62 143.99 137.3 160.98 0.22 0.13 1.05 0.36 0.23 0.21 0.579 0.143 42.527 0.258 53.451 0.112 40.209 0.258
303016039 0 53.24191 -27.68559 3.3404 0.0007 1 25.02 76.34 -16.723 0.88 41.03 6.77 348.74 46.93 110.54 165.25 0.06 0.2 1.0 0.0 1.0 0.0 0.12 0.366 41.951 3.223 52.875 1.401 39.632 3.223
303023063 0 53.24271 -27.68693 3.6072 0.0119 2 74.92 0.0 -18.275 0.0 42.13 0.66 0.0 0.0 97.98 661.15 0.1 10.0 1.0 0.0 1.0 0.0 0.36 0.0 42.574 0.287 53.498 0.125 40.255 0.287
303024064 0 53.23744 -27.68124 3.6332 0.009 2 270.86 87.64 -17.027 0.229 42.19 0.56 0.0 0.0 119.86 72.03 0.05 0.11 1.0 0.0 1.0 0.0 1.0 0.0 42.19 0.243 53.114 0.106 39.757 0.281
303026066 0 53.23925 -27.69244 3.6439 0.0045 3 38.0 6.64 -19.728 0.023 42.41 0.4 0.0 0.0 255.69 52.43 0.15 0.06 3.16 0.93 0.26 0.11 0.182 0.032 43.15 0.19 54.074 0.083 40.83 0.19
303028071 0 53.23925 -27.68137 3.8 0.0393 1 1264.42 0.0 -15.191 0.0 42.12 0.72 0.0 0.0 194.52 137.59 -0.03 0.2 1.0 0.0 1.0 0.0 1.0 0.0 42.12 0.313 53.044 0.136 39.018 0.313
303029072 0 53.24547 -27.68037 3.9802 0.3037 1 86.26 27.83 -18.412 0.179 42.24 0.66 0.0 0.0 333.48 166.0 -0.0 0.18 2.78 0.26 0.68 0.09 0.414 0.134 42.623 0.319 53.547 0.139 40.304 0.319
303031076 0 53.237 -27.68197 4.039 0.0062 2 77.83 19.42 -18.737 0.062 42.33 0.56 0.0 0.0 208.04 65.08 0.1 0.09 6.19 0.78 0.22 0.04 0.374 0.093 42.757 0.266 53.681 0.116 40.439 0.266
303032077 0 53.24404 -27.68184 4.065 0.01 1 63.35 0.0 -15.578 0.0 40.98 9.81 0.0 0.0 62.44 133.41 0.06 0.16 1.0 0.0 1.0 0.0 0.304 0.0 41.497 4.262 52.421 1.853 39.178 4.263
303039090 0 53.23214 -27.68745 4.6853 0.007 1 79.27 55.13 -17.896 0.183 42.0 1.55 0.0 0.0 323.32 113.61 0.23 0.11 1.0 0.0 1.0 0.0 0.38 0.265 42.42 0.739 53.344 0.321 40.101 0.737
303041092 0 53.24676 -27.68153 4.895 0.0305 2 1110.31 0.0 -15.709 0.0 42.27 0.66 0.0 0.0 169.43 88.54 0.03 0.16 0.94 0.33 1.0 0.0 1.0 0.0 42.27 0.287 53.194 0.125 39.225 0.286
303049103 0 53.23596 -27.68806 5.1343 0.0046 2 162.22 56.29 -18.109 0.14 42.4 0.74 0.0 0.0 202.59 38.98 0.16 0.07 0.95 0.24 1.0 0.0 0.779 0.27 42.508 0.355 53.432 0.154 40.19 0.355
303057115 0 53.24184 -27.69608 5.4838 0.0357 1 1253.52 0.0 -16.2 0.0 42.52 1.11 0.0 0.0 341.12 765.64 0.27 1.09 1.0 0.0 1.0 0.0 1.0 0.0 42.52 0.482 53.444 0.21 39.422 0.482
303065126 0 53.24732 -27.69103 5.8536 0.0051 1 292.91 250.49 -18.775 0.904 42.92 0.39 0.0 0.0 232.93 32.6 0.3 0.05 1.0 0.0 1.0 0.0 1.0 0.0 42.92 0.169 53.844 0.073 40.453 0.408
304002114 0 53.2487 -27.69309 2.9457 0.0008 2 111.24 13.87 -18.999 0.028 42.59 0.28 495.53 77.24 230.61 55.21 0.18 0.05 0.65 0.08 1.0 0.0 0.534 0.067 42.862 0.133 53.786 0.058 40.544 0.133
304003115 0 53.24665 -27.69644 2.9482 0.002 1 160.62 66.63 -16.939 0.195 41.92 0.86 0.0 0.0 109.98 188.63 0.1 10.0 1.0 0.0 1.0 0.0 0.771 0.32 42.033 0.415 52.957 0.18 39.714 0.415
304006119 0 53.25814 -27.70395 3.1083 0.0056 1 13.92 6.28 -19.099 0.073 41.73 1.03 0.0 0.0 153.56 429.83 0.1 10.0 2.33 0.29 0.84 0.1 0.067 0.03 42.904 0.488 53.828 0.212 40.586 0.489
304007120 0 53.26021 -27.69506 3.3422 0.0011 2 112.5 96.9 -17.964 0.877 42.18 0.65 551.11 106.21 163.84 124.92 -0.1 0.16 1.0 0.0 1.0 0.0 0.54 0.465 42.448 0.468 53.372 0.203 40.129 0.469
304013141 0 53.25723 -27.69289 3.4398 0.0594 2 19.21 6.75 -19.262 0.048 41.93 0.8 0.0 0.0 166.34 113.61 0.1 10.0 4.45 0.96 0.2 0.0 0.092 0.032 42.966 0.379 53.89 0.165 40.646 0.38
304014142 0 53.25064 -27.69161 3.4406 0.0605 1 4.45 0.0 -18.325 0.0 40.92 8.2 0.0 0.0 203.18 336.14 0.02 0.71 1.0 0.0 1.0 0.0 0.021 0.0 42.598 3.559 53.522 1.547 40.272 3.558
304015143 0 53.24627 -27.69596 3.4472 0.0033 1 388.77 0.0 -15.575 0.0 41.76 1.26 0.0 0.0 198.76 152.01 0.1 10.0 1.0 0.0 1.0 0.0 1.0 0.0 41.76 0.547 52.684 0.238 39.17 0.548
304024190 0 53.2581 -27.69325 4.0294 0.0313 2 149.32 64.05 -17.693 0.136 42.19 0.94 0.0 0.0 215.5 132.98 0.19 0.2 1.0 0.0 1.0 0.0 0.717 0.307 42.334 0.449 53.258 0.195 40.016 0.449
304026192 0 53.25271 -27.69953 4.116 0.0009 2 72.7 42.93 -17.73 0.156 41.9 1.32 227.8 73.6 65.86 209.51 0.03 0.29 1.0 0.0 1.0 0.0 0.349 0.206 42.357 0.628 53.281 0.273 40.038 0.629
304027193 0 53.24976 -27.6929 4.1187 0.0055 2 181.73 28.5 -18.951 0.061 42.78 0.34 0.0 0.0 336.19 41.97 0.35 0.07 1.0 0.0 1.0 0.0 0.872 0.137 42.839 0.163 53.763 0.071 40.521 0.162
304029195 0 53.2594 -27.7034 4.2049 0.0048 1 68.27 23.31 -18.487 0.081 42.17 0.77 0.0 0.0 143.65 86.62 0.02 0.17 1.0 0.0 1.0 0.0 0.328 0.112 42.654 0.366 53.578 0.159 40.336 0.366
304030196 0 53.25477 -27.68926 4.2533 0.0095 1 30.42 15.15 -18.886 0.078 41.98 1.13 0.0 0.0 184.23 93.02 0.07 0.16 2.96 0.29 0.2 0.0 0.146 0.073 42.816 0.536 53.74 0.233 40.497 0.536
304031197 0 53.25303 -27.69869 4.266 0.0207 1 128.68 61.17 -17.361 0.28 42.0 0.92 0.0 0.0 184.54 93.51 0.04 0.14 0.82 0.36 1.0 0.0 0.618 0.294 42.209 0.45 53.133 0.195 39.89 0.45
304034204 0 53.24921 -27.69994 4.3474 0.0071 1 31.37 9.01 -19.599 0.034 42.28 0.66 0.0 0.0 290.95 81.61 -0.06 0.69 2.94 0.18 0.39 0.05 0.151 0.043 43.101 0.312 54.025 0.135 40.783 0.313
304035205 0 53.25156 -27.69819 4.3466 0.0126 1 81.05 38.78 -17.953 0.203 42.03 1.01 0.0 0.0 356.88 163.66 0.1 0.22 1.0 0.0 1.0 0.0 0.389 0.186 42.44 0.486 53.364 0.212 40.121 0.486
304036206 0 53.25613 -27.68834 4.4558 0.0081 1 623.79 0.0 -15.865 0.0 42.08 1.08 0.0 0.0 193.12 74.75 -0.06 0.23 1.0 0.0 1.0 0.0 1.0 0.0 42.08 0.469 53.004 0.204 39.285 0.469
304039215 0 53.25303 -27.70646 4.564 0.0086 2 126.52 37.81 -18.046 0.145 42.26 0.61 0.0 0.0 216.03 93.8 0.11 0.14 5.65 1.59 0.33 0.13 0.607 0.181 42.477 0.295 53.401 0.128 40.158 0.295
304042220 0 53.24526 -27.69584 4.5897 0.0052 1 271.75 0.0 -16.896 0.0 42.13 0.69 0.0 0.0 105.25 61.36 -0.1 0.12 1.0 0.0 1.0 0.0 1.0 0.0 42.13 0.3 53.054 0.13 39.696 0.3
304044225 0 53.25486 -27.70504 4.7814 0.0042 3 87.45 59.6 -19.69 0.721 42.76 0.31 0.0 0.0 223.05 28.66 0.24 0.03 2.34 0.2 1.0 0.0 0.42 0.286 43.137 0.325 54.061 0.141 40.818 0.325
304046227 0 53.26155 -27.69547 4.8093 0.001 2 110.27 37.05 -19.53 0.33 42.8 0.32 582.64 16.43 84.91 18.65 -0.04 0.04 1.92 0.27 0.52 0.12 0.529 0.178 43.077 0.202 54.001 0.088 40.758 0.202
304047228 0 53.25515 -27.69762 4.8486 0.0031 2 139.61 27.99 -18.604 0.073 42.53 0.43 0.0 0.0 127.74 27.58 0.13 0.05 0.72 0.1 0.87 0.25 0.67 0.134 42.704 0.206 53.628 0.089 40.385 0.206
304048229 0 53.26407 -27.70097 4.8758 0.004 2 68.5 6.76 -20.383 0.021 42.93 0.22 0.0 0.0 205.86 20.11 0.19 0.03 2.51 0.16 0.69 0.05 0.329 0.032 43.413 0.104 54.337 0.045 41.094 0.105
304069259 0 53.26201 -27.70044 5.4811 0.005 2 72.52 10.13 -20.928 0.012 43.17 0.32 0.0 0.0 227.52 26.72 0.13 0.04 3.86 0.35 0.83 0.06 0.348 0.049 43.628 0.152 54.552 0.066 41.31 0.152
401007301 0 53.28504 -27.86166 2.9693 0.0029 1 578.96 0.0 -15.599 0.0 41.94 0.78 0.0 0.0 64.72 244.5 0.1 10.0 1.0 0.0 1.0 0.0 1.0 0.0 41.94 0.339 52.864 0.147 39.177 0.339
401009303 0 53.27877 -27.85885 3.0136 0.0032 1 317.84 0.0 -16.088 0.0 41.88 0.87 0.0 0.0 74.59 235.03 0.1 10.0 1.0 0.0 1.0 0.0 1.0 0.0 41.88 0.378 52.804 0.164 39.378 0.378
401010304 0 53.2875 -27.85686 3.0319 0.0075 2 84.15 23.03 -19.208 0.132 42.55 0.56 0.0 0.0 306.82 69.62 0.07 0.07 4.71 0.0 1.0 0.0 0.404 0.111 42.944 0.271 53.868 0.118 40.625 0.271
401011305 0 53.27475 -27.85315 3.0378 0.0144 2 46.08 13.57 -18.465 0.035 41.99 0.67 0.0 0.0 194.32 101.06 -0.04 0.12 0.86 0.0 0.47 0.0 0.221 0.065 42.646 0.317 53.57 0.138 40.326 0.318
