data_Kerutt22/tableb1_Kerutt22_v1.dat
# %ECSV 1.0
# ---
# datatype:
# - {name: ID, datatype: int64}
# - {name: I17ID, datatype: int64}
# - {name: RAdeg, unit: deg, datatype: float64}
# - {name: DEdeg, unit: deg, datatype: float64}
# - {name: z, datatype: float64}
# - {name: e_z, datatype: float64}
# - {name: Conf, datatype: int64}
# - {name: EW0, unit: Angstrom, datatype: float64}
# - {name: e_EW0, unit: Angstrom, datatype: float64}
# - {name: MUV, unit: mag, datatype: float64}
# - {name: e_MUV, unit: mag, datatype: float64}
# - {name: logLLya, unit: dex(erg / s), datatype: float64}
# - {name: e_logLLya, unit: dex(erg / s), datatype: float64}
# - {name: Peaksep, unit: km / s, datatype: float64}
# - {name: e_Peaksep, unit: km / s, datatype: float64}
# - {name: FWHM, unit: km / s, datatype: float64}
# - {name: e_FWHM, unit: km / s, datatype: float64}
# - {name: Asym, datatype: float64}
# - {name: e_Asym, datatype: float64}
# - {name: Re, unit: kpc, datatype: float64}
# - {name: e_Re, unit: kpc, datatype: float64}
# - {name: axisratio, datatype: float64}
# - {name: e_axisratio, datatype: float64}
# - {name: f_esc_Lya, datatype: float64}
# - {name: e_f_esc_Lya, datatype: float64}
# - {name: logLLya_int, unit: dex(erg / s), datatype: float64}
# - {name: e_logLLya_int, unit: dex(erg / s), datatype: float64}
# - {name: logN_ion, unit: dex(1 / s), datatype: float64}
# - {name: e_logN_ion, unit: dex(1 / s), datatype: float64}
# - {name: logL1200, unit: dex(erg / (Angstrom s)), datatype: float64}
# - {name: e_logL1200, unit: dex(erg / (Angstrom s)), datatype: float64}
# meta: !!omap
# - __serialized_columns__:
#     DEdeg:
#       __class__: astropy.units.quantity.Quantity
#       unit: &id001 !astropy.units.Unit {unit: deg}
#       value: !astropy.table.SerializedColumn {name: DEdeg}
#     EW0:
#       __class__: astropy.units.quantity.Quantity
#       unit: &id002 !astropy.units.Unit {unit: Angstrom}
#       value: !astropy.table.SerializedColumn {name: EW0}
#     FWHM:
#       __class__: astropy.units.quantity.Quantity
#       unit: !astropy.units.Unit {unit: km / s}
#       value: !astropy.table.SerializedColumn {name: FWHM}
#     MUV:
#       __class__: astropy.units.quantity.Quantity
#       unit: &id003 !astropy.units.Unit {unit: mag}
#       value: !astropy.table.SerializedColumn {name: MUV}
#     Peaksep:
#       __class__: astropy.units.quantity.Quantity
#       unit: !astropy.units.Unit {unit: km / s}
#       value: !astropy.table.SerializedColumn {name: Peaksep}
#     RAdeg:
#       __class__: astropy.units.quantity.Quantity
#       unit: *id001
#       value: !astropy.table.SerializedColumn {name: RAdeg}
#     Re:
#       __class__: astropy.units.quantity.Quantity
#       unit: &id004 !astropy.units.Unit {unit: kpc}
#       value: !astropy.table.SerializedColumn {name: Re}
#     e_EW0:
#       __class__: astropy.units.quantity.Quantity
#       unit: *id002
#       value: !astropy.table.SerializedColumn {name: e_EW0}
#     e_FWHM:
#       __class__: astropy.units.quantity.Quantity
#       unit: !astropy.units.Unit {unit: km / s}
#       value: !astropy.table.SerializedColumn {name: e_FWHM}
#     e_MUV:
#       __class__: astropy.units.quantity.Quantity
#       unit: *id003
#       value: !astropy.table.SerializedColumn {name: e_MUV}
#     e_Peaksep:
#       __class__: astropy.units.quantity.Quantity
[...]
#     e_logLLya:
#       __class__: astropy.units.function.logarithmic.Dex
#       unit: !astropy.units.Unit {unit: dex(erg / s)}
#       value: !astropy.table.SerializedColumn {name: e_logLLya}
#     e_logLLya_int:
#       __class__: astropy.units.function.logarithmic.Dex
#       unit: !astropy.units.Unit {unit: dex(erg / s)}
#       value: !astropy.table.SerializedColumn {name: e_logLLya_int}
#     e_logN_ion:
#       __class__: astropy.units.function.logarithmic.Dex
#       unit: !astropy.units.Unit {unit: dex(1 / s)}
#       value: !astropy.table.SerializedColumn {name: e_logN_ion}
#     logL1200:
#       __class__: astropy.units.function.logarithmic.Dex
#       unit: !astropy.units.Unit {unit: dex(erg / (Angstrom s))}
#       value: !astropy.table.SerializedColumn {name: logL1200}
#     logLLya:
#       __class__: astropy.units.function.logarithmic.Dex
#       unit: !astropy.units.Unit {unit: dex(erg / s)}
#       value: !astropy.table.SerializedColumn {name: logLLya}
#     logLLya_int:
#       __class__: astropy.units.function.logarithmic.Dex
#       unit: !astropy.units.Unit {unit: dex(erg / s)}
#       value: !astropy.table.SerializedColumn {name: logLLya_int}
#     logN_ion:
#       __class__: astropy.units.function.logarithmic.Dex
#       unit: !astropy.units.Unit {unit: dex(1 / s)}
#       value: !astropy.table.SerializedColumn {name: logN_ion}
# schema: astropy-2.0
ID I17ID RAdeg DEdeg z e_z Conf EW0 e_EW0 MUV e_MUV logLLya e_logLLya Peaksep e_Peaksep FWHM e_FWHM Asym e_Asym Re e_Re axisratio e_axisratio f_esc_Lya e_f_esc_Lya logLLya_int e_logLLya_int logN_ion e_logN_ion logL1200 e_logL1200
[from data line 354]
6623136 0 53.16663 -27.76079 4.1531 0.0275 1 141.98 0.0 -16.462 0.0 41.68 0.87 0.0 0.0 343.92 117.57 0.07 0.14 1.0 0.0 1.0 0.0 0.682 0.0 41.846 0.378 52.77 0.164 39.528 0.378
6643144 2264 53.15066 -27.77044 4.1639 0.001 2 83.97 30.94 -17.994 0.36 42.06 0.36 621.02 43.7 211.36 59.0 0.17 0.08 1.73 0.45 1.0 0.0 0.403 0.149 42.455 0.224 53.379 0.097 40.136 0.224
6653145 6101 53.15812 -27.7604 4.1668 0.0038 2 243.24 0.0 -16.382 0.0 41.88 0.59 0.0 0.0 215.43 54.5 0.26 0.06 1.0 0.0 1.0 0.0 1.0 0.0 41.88 0.256 52.804 0.111 39.494 0.256
6673148 6407 53.1344 -27.7798 4.1756 0.0074 2 96.78 0.0 -16.476 0.0 41.52 1.04 0.0 0.0 120.64 90.88 0.09 0.16 1.0 0.0 1.0 0.0 0.465 0.0 41.853 0.451 52.777 0.196 39.534 0.452
6693150 7175 53.1759 -27.78265 4.1721 0.0074 2 114.72 59.46 -17.647 0.491 42.06 0.57 0.0 0.0 396.37 81.06 0.17 0.07 1.0 0.0 1.0 0.0 0.551 0.285 42.319 0.334 53.243 0.145 40.0 0.335
6703151 0 53.17353 -27.79257 4.1735 0.0063 2 201.38 0.0 -16.671 0.0 41.91 0.46 0.0 0.0 293.26 102.8 0.2 0.12 1.0 0.0 1.0 0.0 1.0 0.0 41.91 0.2 52.834 0.087 39.606 0.2
6713152 0 53.17404 -27.78507 4.1735 0.0194 1 192.7 0.0 -16.687 0.0 41.9 0.47 0.0 0.0 566.38 169.78 -0.02 0.17 1.0 0.0 1.0 0.0 0.925 0.0 41.934 0.204 52.858 0.089 39.615 0.204
6793183 7321 53.14644 -27.76737 4.2053 0.0104 2 73.23 30.72 -17.36 0.308 41.75 0.71 0.0 0.0 254.3 76.15 0.09 0.15 2.0 0.65 1.0 0.0 0.352 0.147 42.203 0.358 53.127 0.155 39.885 0.358
6823187 7273 53.13398 -27.78805 4.2198 0.0232 2 110.0 0.0 -16.74 0.0 41.68 0.73 0.0 0.0 101.64 78.3 0.02 0.14 1.0 0.0 1.0 0.0 0.528 0.0 41.957 0.317 52.881 0.138 39.639 0.317
6833188 7047 53.15498 -27.80698 4.2267 0.0035 3 86.58 15.18 -19.199 0.151 42.56 0.24 0.0 0.0 210.61 13.3 0.21 0.02 2.24 0.16 0.71 0.08 0.416 0.073 42.941 0.129 53.865 0.056 40.623 0.129
6843189 7157 53.1583 -27.80716 4.2267 0.0039 3 73.25 9.32 -19.34 0.071 42.54 0.25 0.0 0.0 228.48 21.69 0.18 0.07 2.8 2.09 0.9 0.18 0.352 0.045 42.993 0.122 53.917 0.053 40.675 0.122
6853190 6416 53.15761 -27.79783 4.2276 0.0044 3 142.81 48.79 -19.2 0.362 42.78 0.15 0.0 0.0 263.49 13.36 0.18 0.01 1.91 0.14 0.7 0.06 0.685 0.234 42.944 0.162 53.868 0.07 40.625 0.162
6863191 2207 53.15 -27.80242 4.224 0.0102 1 21.77 8.45 -18.569 0.217 41.71 0.76 0.0 0.0 420.84 128.98 0.17 0.11 1.28 0.14 0.32 0.19 0.104 0.041 42.693 0.372 53.617 0.162 40.372 0.371
6873192 5551 53.19263 -27.79277 4.2299 0.0045 2 85.87 55.2 -17.469 0.38 41.86 1.24 0.0 0.0 146.24 54.52 0.12 0.1 1.2 0.67 1.0 0.0 0.412 0.265 42.245 0.607 53.169 0.264 39.926 0.607
6883193 0 53.15039 -27.80886 4.2264 0.001 1 181.88 0.0 -16.67 0.0 41.87 0.61 427.54 69.27 118.07 67.38 0.31 0.06 1.0 0.0 1.0 0.0 0.873 0.0 41.929 0.265 52.853 0.115 39.61 0.265
6913197 7267 53.14257 -27.79625 4.238 0.0015 2 71.84 0.0 -16.611 0.0 41.44 2.34 0.0 0.0 56.64 62.76 0.26 0.05 1.0 0.0 1.0 0.0 0.345 0.0 41.902 1.017 52.826 0.442 39.584 1.015
6923198 7161 53.13522 -27.7977 4.2345 0.0148 2 65.69 21.87 -18.632 0.227 42.21 0.59 0.0 0.0 444.78 119.63 0.08 0.1 2.88 0.53 0.67 0.15 0.315 0.105 42.712 0.294 53.636 0.128 40.393 0.294
6943201 3034 53.14592 -27.78653 4.2637 0.0008 3 205.32 70.17 -17.974 0.363 42.44 0.14 370.65 18.04 149.02 9.28 0.15 0.01 0.74 0.24 1.0 0.0 1.0 0.0 42.44 0.061 53.364 0.026 40.128 0.16
6963206 6420 53.14608 -27.77607 4.2626 0.0042 1 27.46 10.09 -18.271 0.176 41.69 0.76 0.0 0.0 214.91 71.44 0.23 0.08 1.0 0.0 1.0 0.0 0.132 0.048 42.569 0.366 53.493 0.159 40.251 0.367
7003222 6570 53.18489 -27.79339 4.2714 0.0045 2 87.5 39.56 -17.476 0.434 41.87 0.47 0.0 0.0 64.77 45.19 0.05 0.07 0.69 0.49 1.0 0.0 0.42 0.19 42.247 0.283 53.171 0.123 39.928 0.283
7013223 7349 53.17342 -27.7892 4.2713 0.0045 2 159.89 0.0 -16.918 0.0 41.91 0.5 0.0 0.0 259.84 50.02 0.25 0.05 1.23 0.98 1.0 0.0 0.767 0.0 42.025 0.217 52.949 0.094 39.706 0.217
7023224 4170 53.17094 -27.7642 4.2713 0.0053 1 20.17 9.95 -18.116 0.214 41.49 1.04 0.0 0.0 248.7 90.96 0.05 0.15 1.0 0.0 1.0 0.0 0.097 0.048 42.503 0.5 53.427 0.218 40.185 0.5
7033225 0 53.17487 -27.80592 4.2701 0.0049 2 50.23 20.74 -17.606 0.301 41.69 0.7 0.0 0.0 179.96 99.28 0.19 0.13 1.61 0.57 1.0 0.0 0.241 0.1 42.308 0.354 53.232 0.154 39.989 0.353
7043226 3672 53.16586 -27.78935 4.2734 0.0061 2 58.92 21.21 -17.467 0.252 41.7 0.63 0.0 0.0 133.22 43.13 0.06 0.08 1.21 0.42 1.0 0.0 0.283 0.102 42.248 0.315 53.172 0.137 39.93 0.315
7053227 3421 53.17873 -27.77916 4.2731 0.123 2 37.43 18.54 -17.918 0.438 41.68 0.65 0.0 0.0 208.09 82.0 -0.01 0.13 1.06 0.44 1.0 0.0 0.18 0.089 42.425 0.354 53.349 0.154 40.107 0.355
7083231 6376 53.16882 -27.79413 4.281 0.0053 2 104.71 0.0 -16.986 0.0 41.76 0.72 0.0 0.0 275.85 74.15 0.05 0.17 1.0 0.0 1.0 0.0 0.503 0.0 42.058 0.313 52.982 0.136 39.74 0.313
7093232 0 53.18014 -27.79215 4.2845 0.0035 2 124.1 0.0 -16.871 0.0 41.78 0.56 0.0 0.0 181.6 52.62 0.24 0.09 1.0 0.0 1.0 0.0 0.596 0.0 42.005 0.243 52.929 0.106 39.686 0.243
7143241 736 53.15366 -27.78135 4.3032 0.0008 2 32.41 0.0 -16.879 0.0 41.2 2.5 291.04 40.27 173.1 51.84 0.32 0.05 1.0 0.0 1.0 0.0 0.156 0.0 42.007 1.085 52.931 0.472 39.689 1.087
7153242 6483 53.16079 -27.76836 4.3044 0.0064 2 68.56 0.0 -16.794 0.0 41.5 0.9 0.0 0.0 128.93 65.75 0.09 0.14 1.0 0.0 1.0 0.0 0.329 0.0 41.983 0.391 52.907 0.17 39.664 0.391
7173250 0 53.15404 -27.79624 4.3057 0.0054 1 15.29 11.08 -17.919 0.279 41.29 1.56 0.0 0.0 92.16 86.39 -0.1 0.15 1.0 0.0 1.0 0.0 0.073 0.053 42.427 0.747 53.351 0.325 40.106 0.746
7183251 5621 53.14991 -27.77798 4.3035 0.0037 1 72.76 0.0 -16.475 0.0 41.39 1.43 0.0 0.0 204.49 103.93 0.42 0.05 1.0 0.0 1.0 0.0 0.349 0.0 41.847 0.621 52.771 0.27 39.528 0.621
7223270 0 53.17294 -27.76382 4.3118 0.0022 1 16.82 12.1 -18.025 0.212 41.38 1.59 0.0 0.0 61.15 156.49 0.28 0.14 1.0 0.0 1.0 0.0 0.081 0.058 42.472 0.757 53.396 0.329 40.154 0.758
7233272 0 53.1643 -27.81084 4.6966 0.0025 1 57.08 0.0 -17.851 0.0 41.84 0.73 0.0 0.0 75.2 94.96 0.22 0.14 1.0 0.0 1.0 0.0 0.274 0.0 42.402 0.317 53.326 0.138 40.084 0.317
7383338 7325 53.14396 -27.79382 4.3407 0.0038 2 256.57 0.0 -16.759 0.0 42.06 0.43 0.0 0.0 204.8 49.74 0.21 0.07 1.0 0.0 1.0 0.0 1.0 0.0 42.06 0.187 52.984 0.081 39.651 0.187
7393339 7361 53.17045 -27.76844 4.3575 0.0035 2 83.86 0.0 -16.97 0.0 41.65 0.79 0.0 0.0 191.19 65.93 0.31 0.1 1.0 0.0 1.0 0.0 0.403 0.0 42.045 0.343 52.969 0.149 39.726 0.344
7403340 0 53.18655 -27.79265 4.3675 0.0017 3 1074.28 0.0 -17.104 0.0 42.82 0.15 283.25 166.65 334.55 103.2 0.19 0.09 1.0 0.0 1.0 0.0 1.0 0.0 42.82 0.065 53.744 0.028 39.789 0.065
7413341 6487 53.16463 -27.80059 4.3639 0.0104 1 80.93 0.0 -16.324 0.0 41.38 1.26 0.0 0.0 81.51 81.55 0.05 0.14 0.5 0.84 1.0 0.0 0.388 0.0 41.791 0.547 52.715 0.238 39.472 0.547
7423342 4661 53.17635 -27.78926 4.3619 0.0008 2 98.98 41.2 -17.442 0.406 41.91 0.41 351.28 32.59 158.68 38.15 0.13 0.06 0.53 0.42 1.0 0.0 0.475 0.198 42.233 0.254 53.157 0.11 39.914 0.254
7443344 6437 53.15239 -27.80747 4.3624 0.0034 1 69.81 0.0 -16.777 0.0 41.5 0.89 0.0 0.0 177.63 66.82 0.26 0.1 1.0 0.0 1.0 0.0 0.335 0.0 41.975 0.387 52.899 0.168 39.656 0.387
7453345 0 53.15807 -27.80338 4.3621 0.008 2 46.6 8.94 -18.889 0.118 42.17 0.36 0.0 0.0 304.54 84.48 0.13 0.1 12.82 1.56 0.2 0.0 0.224 0.043 42.82 0.177 53.744 0.077 40.502 0.177
7463346 1569 53.18008 -27.78694 4.3661 0.0091 2 22.61 4.03 -19.545 0.076 42.11 0.38 0.0 0.0 380.34 110.97 0.15 0.11 5.1 0.21 0.24 0.03 0.109 0.019 43.073 0.182 53.997 0.079 40.756 0.182
7483353 7311 53.17262 -27.79786 4.3705 0.0021 2 51.52 25.68 -17.415 0.339 41.62 0.89 0.0 0.0 64.39 80.08 0.22 0.13 3.06 1.35 0.58 0.34 0.247 0.123 42.227 0.443 53.151 0.192 39.908 0.443
7513358 1775 53.18298 -27.78044 4.3805 0.004 3 65.9 11.1 -19.05 0.148 42.38 0.22 0.0 0.0 213.88 37.75 0.18 0.05 2.37 0.21 0.22 0.12 0.316 0.053 42.88 0.12 53.804 0.052 40.561 0.12
7523359 5273 53.14825 -27.77512 4.3844 0.0029 1 53.7 0.0 -16.955 0.0 41.45 1.52 0.0 0.0 109.27 84.34 0.24 0.12 1.0 0.0 1.0 0.0 0.258 0.0 42.038 0.661 52.962 0.288 39.72 0.66
7533360 1864 53.19287 -27.78689 4.3886 0.0049 3 36.4 4.35 -19.786 0.06 42.42 0.24 0.0 0.0 286.78 26.17 0.26 0.03 8.29 2.86 0.29 0.06 0.175 0.021 43.177 0.116 54.101 0.05 40.859 0.116
7543361 3699 53.13719 -27.78732 4.3966 0.0007 3 285.85 70.27 -17.533 0.242 42.41 0.23 248.23 22.36 122.37 22.34 0.22 0.03 1.2 0.43 1.0 0.0 1.0 0.0 42.41 0.1 53.334 0.043 39.954 0.146
7553362 5828 53.1679 -27.80317 4.3906 0.003 2 101.65 0.0 -16.708 0.0 41.63 0.99 0.0 0.0 151.89 108.84 0.38 0.05 1.0 0.0 1.0 0.0 0.488 0.0 41.942 0.43 52.866 0.187 39.623 0.43
7573365 0 53.16145 -27.81505 4.3948 0.0027 1 22.47 10.66 -18.234 0.208 41.59 1.0 0.0 0.0 124.37 85.14 0.28 0.09 1.0 0.0 1.0 0.0 0.108 0.051 42.557 0.48 53.481 0.209 40.238 0.481
7593367 3343 53.17213 -27.80673 4.3998 0.0042 2 54.35 14.2 -18.327 0.159 42.01 0.5 0.0 0.0 222.44 53.25 0.22 0.07 3.21 0.65 1.0 0.0 0.261 0.068 42.593 0.245 53.517 0.106 40.275 0.245
7603368 7091 53.17331 -27.7838 4.3996 0.0093 3 80.56 13.17 -19.078 0.138 42.48 0.23 0.0 0.0 472.64 55.15 0.08 0.22 1.25 0.12 1.0 0.0 0.387 0.063 42.892 0.122 53.816 0.053 40.574 0.122
7623370 3778 53.14419 -27.80405 4.3974 0.0096 2 125.82 0.0 -16.614 0.0 41.69 1.06 0.0 0.0 396.41 160.4 0.09 0.25 1.0 0.0 1.0 0.0 0.604 0.0 41.909 0.46 52.833 0.2 39.59 0.461
7643383 1961 53.18102 -27.78111 4.4069 0.0061 3 78.79 14.01 -18.761 0.161 42.34 0.22 0.0 0.0 313.88 32.26 0.1 0.04 2.47 0.4 0.44 0.14 0.378 0.067 42.763 0.122 53.687 0.053 40.444 0.123
7723412 5753 53.15855 -27.80037 4.4279 0.004 2 108.92 0.0 -16.627 0.0 41.63 0.92 0.0 0.0 205.14 72.99 0.21 0.11 1.0 0.0 1.0 0.0 0.523 0.0 41.911 0.4 52.835 0.174 39.593 0.4
7733413 4773 53.15864 -27.81499 4.4315 0.0019 1 48.26 0.0 -17.022 0.0 41.43 1.37 0.0 0.0 71.56 114.38 -0.16 0.14 1.0 0.0 1.0 0.0 0.232 0.0 42.065 0.594 52.989 0.258 39.746 0.595
7743414 4439 53.16692 -27.80448 4.4317 0.0074 2 69.62 0.0 -16.844 0.0 41.52 1.01 0.0 0.0 175.73 66.74 -0.07 0.12 1.0 0.0 1.0 0.0 0.334 0.0 41.996 0.439 52.92 0.191 39.677 0.439
7753415 2817 53.17571 -27.80606 4.4304 0.0009 3 123.39 29.27 -17.859 0.217 42.18 0.29 458.37 35.77 208.61 36.13 0.24 0.04 1.86 0.56 1.0 0.0 0.592 0.14 42.408 0.162 53.332 0.07 40.089 0.162
7763416 0 53.17527 -27.80543 4.4315 0.0052 2 144.8 0.0 -16.677 0.0 41.77 0.63 0.0 0.0 161.74 62.0 0.1 0.11 1.0 0.0 1.0 0.0 0.695 0.0 41.928 0.274 52.852 0.119 39.609 0.274
7773417 0 53.13875 -27.799 4.4328 0.0064 2 63.17 40.52 -17.492 0.61 41.74 0.7 0.0 0.0 284.3 136.25 0.24 0.14 1.0 0.0 1.0 0.0 0.303 0.194 42.259 0.412 53.183 0.179 39.939 0.413
7783418 0 53.1414 -27.80044 4.4303 0.0082 2 191.54 0.0 -16.928 0.0 42.0 0.52 0.0 0.0 404.13 133.87 0.1 0.45 1.0 0.0 1.0 0.0 0.919 0.0 42.037 0.226 52.961 0.098 39.718 0.226
7803422 6525 53.13807 -27.77948 4.4365 0.0121 1 58.89 0.0 -16.879 0.0 41.46 0.99 0.0 0.0 474.1 165.11 0.18 0.2 1.0 0.0 1.0 0.0 0.283 0.0 42.008 0.43 52.932 0.187 39.69 0.43
7833425 7243 53.12777 -27.78648 4.447 0.0041 3 166.4 65.26 -17.495 0.399 42.16 0.3 0.0 0.0 225.27 26.59 0.16 0.04 1.29 0.49 1.0 0.0 0.799 0.313 42.257 0.215 53.181 0.093 39.939 0.215
7843426 3456 53.14361 -27.79443 4.4616 0.0125 2 79.78 0.0 -16.471 0.0 41.43 1.25 0.0 0.0 183.17 79.76 0.08 0.16 1.0 0.0 1.0 0.0 0.383 0.0 41.847 0.542 52.771 0.236 39.528 0.543
7863428 4974 53.1711 -27.80617 4.4678 0.0046 3 226.42 0.0 -16.738 0.0 41.99 0.31 0.0 0.0 218.36 41.01 0.14 0.06 2.07 1.15 1.0 0.0 1.0 0.0 41.99 0.135 52.914 0.059 39.635 0.135
7873429 1950 53.18084 -27.77412 4.4679 0.0096 3 65.67 15.84 -18.924 0.208 42.33 0.33 0.0 0.0 252.16 39.57 0.05 0.06 3.3 0.31 0.64 0.08 0.315 0.076 42.832 0.178 53.756 0.077 40.513 0.177
7883430 4851 53.17337 -27.79507 4.4693 0.0024 2 64.33 0.0 -16.633 0.0 41.4 1.32 0.0 0.0 45.18 151.41 0.23 0.15 1.0 0.0 1.0 0.0 0.309 0.0 41.91 0.573 52.834 0.249 39.592 0.573
7893431 4079 53.17168 -27.81138 4.4699 0.0044 2 52.99 19.78 -17.724 0.289 41.76 0.6 0.0 0.0 149.45 53.42 0.12 0.09 1.81 0.67 1.0 0.0 0.254 0.095 42.355 0.307 53.279 0.133 40.036 0.307
7903432 7287 53.15049 -27.79288 4.4693 0.003 2 47.29 23.03 -17.795 0.415 41.74 0.69 0.0 0.0 155.77 40.78 0.27 0.06 1.0 0.0 1.0 0.0 0.227 0.111 42.384 0.367 53.308 0.159 40.065 0.367
7923458 0 53.16929 -27.80533 4.4706 0.0057 2 16.87 7.9 -18.037 0.191 41.38 1.0 0.0 0.0 99.61 69.11 0.09 0.13 1.0 0.0 1.0 0.0 0.081 0.038 42.472 0.479 53.396 0.208 40.153 0.479
7933459 3518 53.16818 -27.79448 4.4684 0.0042 2 43.54 19.92 -17.644 0.356 41.64 0.73 0.0 0.0 191.24 65.86 0.2 0.09 1.97 0.63 1.0 0.0 0.209 0.096 42.32 0.374 53.244 0.162 40.001 0.374
7943460 7233 53.18888 -27.7856 4.4693 0.0036 2 114.22 0.0 -16.746 0.0 41.7 0.71 0.0 0.0 189.06 55.14 0.26 0.06 1.0 0.0 1.0 0.0 0.548 0.0 41.961 0.308 52.885 0.134 39.642 0.308
7953461 0 53.18046 -27.77458 4.4714 0.0008 2 242.97 78.02 -17.765 0.325 42.43 0.26 185.59 47.62 210.92 147.82 0.21 0.17 1.0 0.0 1.0 0.0 1.0 0.0 42.43 0.113 53.354 0.049 40.044 0.18
7983464 0 53.16713 -27.81671 4.4747 0.0043 2 41.89 20.42 -18.043 0.437 41.78 0.62 0.0 0.0 209.18 75.46 0.24 0.09 1.0 0.0 1.0 0.0 0.201 0.098 42.477 0.342 53.401 0.149 40.158 0.342
7993465 1185 53.16199 -27.8191 4.4941 0.0067 3 153.24 3.12 -20.517 0.002 43.33 0.05 0.0 0.0 395.28 11.1 0.22 0.01 5.23 0.34 0.22 0.03 0.736 0.015 43.463 0.023 54.387 0.01 41.145 0.023
8003466 7201 53.15196 -27.80798 4.4955 0.0009 3 115.88 25.1 -18.705 0.223 42.49 0.15 453.04 44.14 228.92 11.7 0.2 0.01 1.69 0.24 1.0 0.0 0.556 0.12 42.745 0.114 53.669 0.05 40.426 0.114
8013467 7269 53.15692 -27.80468 4.4962 0.0032 3 120.38 30.62 -18.025 0.251 42.23 0.24 0.0 0.0 174.37 15.93 0.22 0.19 2.04 0.55 1.0 0.0 0.578 0.147 42.468 0.152 53.392 0.066 40.149 0.152
8023468 0 53.1599 -27.80674 4.4953 0.0022 2 51.09 0.0 -16.804 0.0 41.37 1.44 0.0 0.0 101.74 64.73 0.23 0.13 1.0 0.0 1.0 0.0 0.245 0.0 41.981 0.625 52.905 0.272 39.662 0.625
8033469 2755 53.1608 -27.80447 4.4952 0.0032 3 82.45 27.36 -17.923 0.308 42.03 0.39 0.0 0.0 173.7 30.52 0.23 0.05 2.08 0.51 1.0 0.0 0.396 0.131 42.432 0.222 53.356 0.096 40.114 0.222
8043470 6389 53.16399 -27.81503 4.497 0.0045 2 35.43 26.36 -17.444 0.615 41.47 1.1 0.0 0.0 154.24 73.28 0.16 0.12 1.0 0.0 1.0 0.0 0.17 0.127 42.24 0.577 53.164 0.251 39.921 0.576
8053471 0 53.16313 -27.82097 4.4975 0.006 2 262.97 0.0 -16.51 0.0 41.97 0.6 0.0 0.0 245.02 64.34 0.14 0.08 1.0 0.0 1.0 0.0 1.0 0.0 41.97 0.261 52.894 0.113 39.55 0.261
8073473 2719 53.18162 -27.78215 4.5036 0.0032 2 14.22 7.86 -18.478 0.234 41.49 1.17 0.0 0.0 166.67 63.55 0.29 0.07 5.47 1.34 0.35 0.13 0.068 0.038 42.657 0.564 53.581 0.245 40.337 0.562
8083474 2547 53.14805 -27.79499 4.5068 0.0044 3 93.2 25.07 -18.399 0.269 42.27 0.23 0.0 0.0 247.31 22.71 0.17 0.03 2.47 0.46 0.33 0.16 0.447 0.12 42.62 0.153 53.544 0.066 40.301 0.154
8093475 0 53.15141 -27.79976 4.5056 0.0009 3 15.68 1.9 -20.375 0.063 42.29 0.24 589.08 28.88 270.53 38.55 0.17 0.05 1.22 0.06 1.0 0.0 0.075 0.009 43.415 0.116 54.339 0.05 41.095 0.117
8103476 1518 53.17228 -27.81197 4.5047 0.013 2 12.44 2.23 -19.989 0.058 42.03 0.39 0.0 0.0 379.78 83.83 0.08 0.1 4.16 0.22 0.5 0.03 0.06 0.011 43.252 0.187 54.176 0.081 40.935 0.186
8113477 0 53.14743 -27.79992 4.5061 0.017 2 23.15 9.98 -18.716 0.355 41.79 0.64 0.0 0.0 364.64 96.5 0.07 0.1 1.0 0.0 1.0 0.0 0.111 0.048 42.745 0.335 53.669 0.145 40.425 0.335
8123478 0 53.15678 -27.80577 4.5054 0.0147 1 32.89 0.0 -16.829 0.0 41.19 2.35 0.0 0.0 361.09 209.18 0.03 0.28 2.02 0.38 1.0 0.0 0.158 0.0 41.991 1.021 52.915 0.444 39.673 1.021
8133479 5125 53.14941 -27.78687 4.5079 0.0037 2 132.61 0.0 -16.739 0.0 41.76 0.46 0.0 0.0 200.48 39.98 0.25 0.05 0.56 0.64 1.0 0.0 0.637 0.0 41.956 0.2 52.88 0.087 39.637 0.2
8143480 1778 53.1499 -27.80173 4.5079 0.0078 3 34.17 6.77 -19.149 0.15 42.14 0.32 0.0 0.0 352.55 59.54 0.14 0.12 5.28 0.97 0.18 0.05 0.164 0.032 42.925 0.163 53.849 0.071 40.606 0.164
8153481 6482 53.17762 -27.76995 4.5094 0.0046 2 100.97 0.0 -16.869 0.0 41.69 0.72 0.0 0.0 164.91 73.34 0.17 0.12 1.0 0.0 1.0 0.0 0.485 0.0 42.004 0.313 52.928 0.136 39.686 0.313
