data_Kerutt22/tableb1_Kerutt22_v1.dat
# %ECSV 1.0
# ---
# datatype:
# - {name: ID, datatype: int64}
# - {name: I17ID, datatype: int64}
# - {name: RAdeg, unit: deg, datatype: float64}
# - {name: DEdeg, unit: deg, datatype: float64}
# - {name: z, datatype: float64}
# - {name: e_z, datatype: float64}
# - {name: Conf, datatype: int64}
# - {name: EW0, unit: Angstrom, datatype: float64}
# - {name: e_EW0, unit: Angstrom, datatype: float64}
# - {name: MUV, unit: mag, datatype: float64}
# - {name: e_MUV, unit: mag, datatype: float64}
# - {name: logLLya, unit: dex(erg / s), datatype: float64}
# - {name: e_logLLya, unit: dex(erg / s), datatype: float64}
# - {name: Peaksep, unit: km / s, datatype: float64}
# - {name: e_Peaksep, unit: km / s, datatype: float64}
# - {name: FWHM, unit: km / s, datatype: float64}
# - {name: e_FWHM, unit: km / s, datatype: float64}
# - {name: Asym, datatype: float64}
# - {name: e_Asym, datatype: float64}
# - {name: Re, unit: kpc, datatype: float64}
# - {name: e_Re, unit: kpc, datatype: float64}
# - {name: axisratio, datatype: float64}
# - {name: e_axisratio, datatype: float64}
# - {name: f_esc_Lya, datatype: float64}
# - {name: e_f_esc_Lya, datatype: float64}
# - {name: logLLya_int, unit: dex(erg / s), datatype: float64}
# - {name: e_logLLya_int, unit: dex(erg / s), datatype: float64}
# - {name: logN_ion, unit: dex(1 / s), datatype: float64}
# - {name: e_logN_ion, unit: dex(1 / s), datatype: float64}
# - {name: logL1200, unit: dex(erg / (Angstrom s)), datatype: float64}
# - {name: e_logL1200, unit: dex(erg / (Angstrom s)), datatype: float64}
# meta: !!omap
# - __serialized_columns__:
#     DEdeg:
#       __class__: astropy.units.quantity.Quantity
#       unit: &id001 !astropy.units.Unit {unit: deg}
#       value: !astropy.table.SerializedColumn {name: DEdeg}
#     EW0:
#       __class__: astropy.units.quantity.Quantity
#       unit: &id002 !astropy.units.Unit {unit: Angstrom}
#       value: !astropy.table.SerializedColumn {name: EW0}
#     FWHM:
#       __class__: astropy.units.quantity.Quantity
#       unit: !astropy.units.Unit {unit: km / s}
#       value: !astropy.table.SerializedColumn {name: FWHM}
#     MUV:
#       __class__: astropy.units.quantity.Quantity
#       unit: &id003 !astropy.units.Unit {unit: mag}
#       value: !astropy.table.SerializedColumn {name: MUV}
#     Peaksep:
#       __class__: astropy.units.quantity.Quantity
#       unit: !astropy.units.Unit {unit: km / s}
#       value: !astropy.table.SerializedColumn {name: Peaksep}
#     RAdeg:
#       __class__: astropy.units.quantity.Quantity
#       unit: *id001
#       value: !astropy.table.SerializedColumn {name: RAdeg}
#     Re:
#       __class__: astropy.units.quantity.Quantity
#       unit: &id004 !astropy.units.Unit {unit: kpc}
#       value: !astropy.table.SerializedColumn {name: Re}
#     e_EW0:
#       __class__: astropy.units.quantity.Quantity
#       unit: *id002
#       value: !astropy.table.SerializedColumn {name: e_EW0}
#     e_FWHM:
#       __class__: astropy.units.quantity.Quantity
#       unit: !astropy.units.Unit {unit: km / s}
#       value: !astropy.table.SerializedColumn {name: e_FWHM}
#     e_MUV:
#       __class__: astropy.units.quantity.Quantity
#       unit: *id003
#       value: !astropy.table.SerializedColumn {name: e_MUV}
#     e_Peaksep:
#       __class__: astropy.units.quantity.Quantity
[...]
#     e_logLLya:
#       __class__: astropy.units.function.logarithmic.Dex
#       unit: !astropy.units.Unit {unit: dex(erg / s)}
#       value: !astropy.table.SerializedColumn {name: e_logLLya}
#     e_logLLya_int:
#       __class__: astropy.units.function.logarithmic.Dex
#       unit: !astropy.units.Unit {unit: dex(erg / s)}
#       value: !astropy.table.SerializedColumn {name: e_logLLya_int}
#     e_logN_ion:
#       __class__: astropy.units.function.logarithmic.Dex
#       unit: !astropy.units.Unit {unit: dex(1 / s)}
#       value: !astropy.table.SerializedColumn {name: e_logN_ion}
#     logL1200:
#       __class__: astropy.units.function.logarithmic.Dex
#       unit: !astropy.units.Unit {unit: dex(erg / (Angstrom s))}
#       value: !astropy.table.SerializedColumn {name: logL1200}
#     logLLya:
#       __class__: astropy.units.function.logarithmic.Dex
#       unit: !astropy.units.Unit {unit: dex(erg / s)}
#       value: !astropy.table.SerializedColumn {name: logLLya}
#     logLLya_int:
#       __class__: astropy.units.function.logarithmic.Dex
#       unit: !astropy.units.Unit {unit: dex(erg / s)}
#       value: !astropy.table.SerializedColumn {name: logLLya_int}
#     logN_ion:
#       __class__: astropy.units.function.logarithmic.Dex
#       unit: !astropy.units.Unit {unit: dex(1 / s)}
#       value: !astropy.table.SerializedColumn {name: logN_ion}
# schema: astropy-2.0
ID I17ID RAdeg DEdeg z e_z Conf EW0 e_EW0 MUV e_MUV logLLya e_logLLya Peaksep e_Peaksep FWHM e_FWHM Asym e_Asym Re e_Re axisratio e_axisratio f_esc_Lya e_f_esc_Lya logLLya_int e_logLLya_int logN_ion e_logN_ion logL1200 e_logL1200
[from data line 1152]
131010093 0 53.1027 -27.77645 3.1994 0.0013 2 40.5 9.32 -19.387 0.06 42.3 0.51 0.0 0.0 224.79 98.0 0.19 0.11 4.79 0.0 0.36 0.0 0.194 0.045 43.012 0.244 53.936 0.106 40.693 0.243
131011094 0 53.1003 -27.7724 3.3348 0.0019 3 265.19 109.58 -17.424 0.351 42.34 0.59 0.0 0.0 386.4 206.49 0.1 0.19 1.0 0.0 1.0 0.0 1.0 0.0 42.34 0.256 53.264 0.111 39.916 0.313
131013100 0 53.11493 -27.78016 3.5816 0.0013 1 44.88 17.17 -18.421 0.155 41.96 0.82 0.0 0.0 149.04 118.95 -0.02 0.18 1.84 0.0 1.0 0.0 0.215 0.082 42.628 0.392 53.552 0.17 40.308 0.393
131015104 0 53.10673 -27.77723 3.6278 0.0015 2 128.05 62.49 -17.544 0.371 42.07 0.8 0.0 0.0 239.9 129.81 0.05 0.16 1.0 0.0 1.0 0.0 0.615 0.3 42.281 0.407 53.205 0.177 39.963 0.406
131020113 0 53.10104 -27.78023 4.0356 0.0015 2 49.17 8.0 -19.854 0.065 42.58 0.35 705.36 130.84 235.73 127.03 -0.01 0.18 1.63 0.0 0.49 0.0 0.236 0.038 43.207 0.167 54.131 0.073 40.888 0.168
131021114 0 53.09555 -27.77585 4.0538 0.0015 2 91.86 22.31 -18.987 0.117 42.5 0.5 414.25 144.12 306.0 147.33 0.11 0.15 5.0 0.0 0.65 0.0 0.441 0.107 42.856 0.241 53.78 0.105 40.537 0.241
131027123 0 53.10152 -27.78631 4.4363 0.0014 2 178.38 57.39 -18.432 0.277 42.57 0.45 269.15 128.98 171.8 73.52 0.24 0.1 1.0 0.0 1.0 0.0 0.856 0.275 42.638 0.24 53.562 0.104 40.319 0.24
131029126 0 53.10468 -27.77952 4.5303 0.0021 1 131.93 60.02 -17.868 0.333 42.21 0.77 0.0 0.0 220.75 155.15 0.12 0.23 1.0 0.0 1.0 0.0 0.633 0.288 42.409 0.388 53.333 0.169 40.09 0.388
131032131 0 53.10675 -27.77275 4.7786 0.0021 1 75.23 46.83 -17.947 0.337 42.0 1.24 0.0 0.0 217.34 127.54 0.22 0.16 1.25 0.0 1.0 0.0 0.361 0.225 42.442 0.603 53.366 0.262 40.124 0.602
131035136 0 53.10981 -27.78289 4.8227 0.0014 2 188.97 57.93 -18.108 0.223 42.46 0.52 0.0 0.0 199.78 41.54 0.09 0.06 4.42 0.0 0.2 0.0 0.907 0.278 42.502 0.262 53.426 0.114 40.184 0.262
131036137 0 53.09883 -27.77841 4.8915 0.0026 2 818.63 0.0 -16.205 0.0 42.34 0.76 0.0 0.0 198.63 178.44 0.33 0.18 0.83 0.0 1.0 0.0 1.0 0.0 42.34 0.33 53.264 0.143 39.427 0.33
131041145 0 53.10893 -27.77935 5.0362 0.0015 1 34.63 23.14 -18.36 0.196 41.83 1.48 0.0 0.0 56.9 101.34 0.16 0.19 1.87 0.0 0.53 0.0 0.166 0.111 42.61 0.705 53.534 0.307 40.291 0.704
132002002 0 53.10369 -27.76907 2.9948 0.0019 1 126.92 44.96 -18.058 0.179 42.27 0.72 0.0 0.0 231.55 229.13 0.22 0.22 1.31 0.0 0.2 0.0 0.609 0.216 42.485 0.349 53.409 0.152 40.166 0.349
132009020 0 53.09752 -27.75912 3.195 0.0014 2 53.18 10.7 -19.157 0.062 42.33 0.44 957.54 141.59 298.18 159.96 -0.29 0.18 1.32 0.0 0.57 0.0 0.255 0.051 42.923 0.21 53.847 0.091 40.604 0.21
132012023 0 53.09789 -27.76714 3.2327 0.0018 1 162.44 0.0 -16.449 0.0 41.73 1.51 0.0 0.0 231.2 203.13 0.28 0.22 1.0 0.0 1.0 0.0 0.78 0.0 41.838 0.656 52.762 0.285 39.519 0.656
132013024 0 53.09389 -27.7665 3.2534 0.0016 2 297.77 0.0 -16.361 0.0 41.96 1.09 0.0 0.0 323.31 149.09 0.02 0.14 1.0 0.0 1.0 0.0 1.0 0.0 41.96 0.473 52.884 0.205 39.486 0.473
132014025 0 53.09874 -27.76479 3.4732 0.001 3 84.24 11.65 -19.883 0.055 42.82 0.3 475.86 96.2 253.59 56.04 0.28 0.06 1.73 0.0 0.41 0.0 0.404 0.056 43.214 0.143 54.138 0.062 40.894 0.144
132015026 0 53.09735 -27.75577 3.4729 0.0011 1 187.5 96.1 -17.146 0.446 42.07 0.7 673.28 97.28 184.94 126.79 -0.1 0.18 1.0 0.0 1.0 0.0 0.9 0.461 42.116 0.377 53.04 0.164 39.797 0.377
132020035 0 53.09565 -27.76346 3.6323 0.0008 1 61.65 20.61 -18.806 0.112 42.25 0.73 238.29 71.74 31.62 217.76 0.13 0.13 0.5 0.0 1.0 0.0 0.296 0.099 42.779 0.348 53.703 0.151 40.46 0.349
132023045 0 53.09327 -27.75803 3.6986 0.0015 2 40.92 10.26 -19.738 0.068 42.45 0.56 0.0 0.0 257.89 140.57 0.14 0.18 2.83 0.0 0.35 0.0 0.196 0.049 43.158 0.266 54.082 0.116 40.838 0.267
132025047 0 53.10518 -27.7663 4.0522 0.0014 3 47.07 9.01 -20.267 0.048 42.72 0.43 0.0 0.0 256.8 70.62 0.29 0.08 2.4 0.0 0.63 0.0 0.226 0.043 43.366 0.204 54.29 0.089 41.047 0.205
132045098 0 53.10469 -27.76304 4.7063 0.0014 2 53.68 11.98 -19.832 0.09 42.61 0.48 0.0 0.0 156.18 86.12 0.07 0.16 1.0 0.0 1.0 0.0 0.258 0.058 43.198 0.231 54.122 0.1 40.88 0.23
132048102 0 53.09897 -27.75493 4.8292 0.0017 3 185.69 74.39 -18.76 0.383 42.72 0.43 0.0 0.0 154.88 91.04 0.3 0.1 1.42 0.0 0.21 0.0 0.891 0.357 42.77 0.255 53.694 0.111 40.451 0.255
132049103 0 53.10548 -27.75855 4.9899 0.0034 1 97.92 27.14 -19.959 0.088 42.92 0.61 0.0 0.0 476.32 270.16 0.17 0.22 4.57 0.0 0.38 0.0 0.47 0.13 43.248 0.291 54.172 0.126 40.929 0.291
132051105 0 53.09537 -27.75587 5.1241 0.0021 1 271.93 85.04 -18.309 0.259 42.7 0.46 0.0 0.0 335.82 92.68 0.24 0.08 3.78 0.0 0.26 0.0 1.0 0.0 42.7 0.2 53.624 0.087 40.266 0.241
133007040 0 53.14081 -27.81892 3.5654 0.0011 2 113.55 63.87 -17.293 0.427 41.91 0.92 0.0 0.0 37.95 179.63 0.12 0.13 1.0 0.0 1.0 0.0 0.545 0.307 42.174 0.468 53.098 0.203 39.855 0.468
133017053 0 53.14384 -27.81577 3.9044 0.0009 3 110.8 29.02 -18.562 0.167 42.41 0.49 342.74 67.34 126.5 73.1 0.1 0.12 0.77 0.0 0.38 0.0 0.532 0.139 42.684 0.241 53.608 0.105 40.365 0.241
133020056 0 53.13729 -27.81114 4.0363 0.0012 1 128.4 35.59 -18.74 0.183 42.55 0.5 401.28 103.46 329.61 179.36 0.12 0.19 2.34 0.0 0.43 0.0 0.616 0.171 42.76 0.248 53.684 0.108 40.441 0.248
133021057 0 53.13013 -27.81554 4.0507 0.0015 2 230.18 86.76 -17.96 0.206 42.49 0.75 0.0 0.0 218.35 134.29 -0.17 0.21 1.61 0.0 1.0 0.0 1.0 0.0 42.49 0.326 53.414 0.142 40.128 0.364
133028073 0 53.14311 -27.81552 4.1444 0.0016 2 9.49 1.95 -21.783 0.017 42.63 0.47 0.0 0.0 284.61 95.32 0.36 0.08 1.85 0.0 0.75 0.0 0.046 0.009 43.967 0.221 54.891 0.096 41.653 0.223
133029074 0 53.14122 -27.8235 4.1462 0.002 2 278.83 105.61 -18.656 0.166 42.85 0.8 0.0 0.0 294.14 162.15 0.22 0.18 1.28 0.0 0.1 0.0 1.0 0.0 42.85 0.347 53.774 0.151 40.405 0.384
133032080 0 53.14624 -27.81059 4.3631 0.0014 3 108.62 27.31 -19.095 0.124 42.62 0.51 0.0 0.0 160.02 62.43 0.37 0.07 5.49 0.0 0.1 0.0 0.521 0.131 42.903 0.247 53.827 0.107 40.584 0.247
133045096 0 53.13903 -27.81271 5.9499 0.002 1 234.91 0.0 -16.863 0.0 42.06 2.41 0.0 0.0 33.21 185.85 -0.12 0.25 1.0 0.0 1.0 0.0 1.0 0.0 42.06 1.047 52.984 0.455 39.689 1.047
133048099 0 53.13416 -27.82289 6.24 0.0035 1 1392.16 0.0 -16.646 0.0 42.74 0.72 0.0 0.0 363.3 214.61 -0.05 0.21 1.0 0.0 1.0 0.0 1.0 0.0 42.74 0.313 53.664 0.136 39.596 0.313
134002002 0 53.13406 -27.80744 3.0802 0.0021 1 71.17 20.48 -18.491 0.139 42.19 0.59 0.0 0.0 466.5 247.86 0.09 0.2 1.24 0.0 0.41 0.0 0.342 0.098 42.656 0.285 53.58 0.124 40.338 0.285
134006016 0 53.1284 -27.798 3.1543 0.001 3 437.89 141.26 -17.664 0.299 42.65 0.38 0.0 0.0 214.55 104.17 0.08 0.14 1.0 0.0 1.0 0.0 1.0 0.0 42.65 0.165 53.574 0.072 40.009 0.216
134009019 0 53.13095 -27.79941 3.2385 0.0013 1 27.62 11.3 -19.071 0.086 42.01 0.92 0.0 0.0 115.23 179.86 -0.17 0.23 3.11 0.0 0.43 0.0 0.133 0.054 42.886 0.437 53.81 0.19 40.569 0.437
134011023 0 53.13398 -27.80893 3.4424 0.0011 3 59.66 16.5 -19.511 0.055 42.52 0.63 405.28 108.76 210.11 134.41 0.15 0.19 0.79 0.0 0.38 0.0 0.286 0.079 43.064 0.298 53.988 0.129 40.744 0.299
134012024 0 53.13365 -27.79645 3.5508 0.0011 1 350.32 0.0 -16.274 0.0 42.0 1.01 423.92 110.59 197.18 175.17 -0.09 0.23 1.0 0.0 1.0 0.0 1.0 0.0 42.0 0.439 52.924 0.191 39.456 0.438
134018030 0 53.13985 -27.80566 3.9622 0.0019 1 228.95 97.67 -17.728 0.358 42.39 0.62 0.0 0.0 232.56 152.38 0.25 0.16 1.0 0.0 1.0 0.0 1.0 0.0 42.39 0.269 53.314 0.117 40.03 0.327
134025044 0 53.13475 -27.80488 4.5182 0.001 3 225.8 84.44 -18.243 0.347 42.59 0.44 420.22 56.1 138.54 43.59 0.24 0.06 1.0 0.0 1.0 0.0 1.0 0.0 42.59 0.191 53.514 0.083 40.236 0.251
134026045 0 53.13146 -27.79794 4.5265 0.0016 1 107.02 30.09 -18.701 0.194 42.45 0.5 0.0 0.0 246.84 107.53 0.31 0.14 1.0 0.0 1.0 0.0 0.514 0.144 42.739 0.249 53.663 0.108 40.421 0.249
134030050 0 53.13628 -27.80412 4.8064 0.0018 1 186.09 37.45 -18.867 0.132 42.76 0.37 0.0 0.0 345.76 82.46 0.28 0.07 11.92 0.0 0.23 0.0 0.893 0.18 42.809 0.183 53.733 0.079 40.49 0.183
134032052 0 53.13155 -27.80984 4.9438 0.0023 1 42.05 9.98 -19.789 0.053 42.48 0.53 0.0 0.0 355.73 156.09 -0.09 0.16 4.79 0.0 0.55 0.0 0.202 0.048 43.175 0.252 54.099 0.109 40.856 0.252
134036056 0 53.13131 -27.8068 5.1216 0.0018 3 120.85 20.57 -19.648 0.064 42.88 0.37 0.0 0.0 248.99 104.46 0.28 0.13 3.99 0.0 0.31 0.0 0.58 0.099 43.117 0.177 54.041 0.077 40.798 0.177
134037057 0 53.13263 -27.79896 5.1262 0.0016 3 171.85 38.35 -18.877 0.146 42.73 0.41 0.0 0.0 224.27 67.58 0.27 0.1 1.73 0.0 0.18 0.0 0.825 0.184 42.814 0.202 53.738 0.088 40.495 0.203
135009176 0 53.12258 -27.79584 3.466 0.0014 1 50.56 11.01 -19.333 0.096 42.38 0.46 807.59 141.97 397.06 159.48 0.34 0.08 1.59 0.0 0.54 0.0 0.243 0.053 42.994 0.221 53.918 0.096 40.676 0.221
135014183 0 53.12514 -27.7803 3.7681 0.001 2 261.82 136.77 -17.49 0.513 42.36 0.5 392.03 80.05 154.64 75.68 0.03 0.11 0.87 0.0 1.0 0.0 1.0 0.0 42.36 0.217 53.284 0.094 39.942 0.314
135015184 0 53.12546 -27.78035 3.9358 0.001 3 39.49 10.55 -19.566 0.064 42.37 0.6 716.24 61.87 252.38 90.49 0.31 0.1 0.67 0.0 0.25 0.0 0.19 0.051 43.091 0.286 54.015 0.124 40.774 0.285
135016185 0 53.13685 -27.78363 4.0633 0.0012 1 36.01 0.0 -16.692 0.0 41.18 8.06 405.6 101.11 290.3 148.07 -0.03 0.17 1.0 0.0 1.0 0.0 0.173 0.0 41.942 3.5 52.866 1.522 39.624 3.497
135021202 0 53.12005 -27.78291 4.1363 0.0023 2 50.26 17.1 -18.812 0.143 42.17 0.72 0.0 0.0 271.21 208.05 0.27 0.25 2.64 0.0 0.42 0.0 0.241 0.082 42.788 0.346 53.712 0.15 40.469 0.346
135037227 0 53.12191 -27.78826 5.248 0.0022 1 79.95 42.35 -18.392 0.238 42.2 1.11 0.0 0.0 125.45 153.63 -0.07 0.23 1.0 0.0 1.0 0.0 0.384 0.203 42.616 0.534 53.54 0.232 40.297 0.534
135049239 0 53.12489 -27.78412 5.7806 0.0017 2 77.43 17.17 -19.708 0.076 42.71 0.48 0.0 0.0 236.49 70.57 0.19 0.11 3.03 0.0 0.36 0.0 0.372 0.082 43.139 0.23 54.063 0.1 40.821 0.23
136003119 0 53.11412 -27.76725 3.0143 0.0013 1 53.38 0.0 -18.116 0.0 41.92 0.9 0.0 0.0 147.85 200.98 0.22 0.25 0.64 0.0 1.0 0.0 0.256 0.0 42.512 0.391 53.436 0.17 40.193 0.39
136005127 0 53.12122 -27.77675 3.2548 0.0014 1 119.29 42.08 -17.429 0.149 41.99 0.75 0.0 0.0 191.91 153.71 0.12 0.2 2.38 0.0 0.37 0.0 0.573 0.202 42.232 0.36 53.156 0.156 39.913 0.36
136006128 0 53.12319 -27.76932 3.3221 0.001 1 68.25 23.28 -18.147 0.192 42.04 0.67 667.83 93.45 168.62 180.8 -0.15 0.23 3.47 0.0 0.19 0.0 0.328 0.112 42.524 0.327 53.448 0.142 40.206 0.327
136008130 0 53.11455 -27.77441 3.3296 0.0021 1 92.24 27.17 -18.152 0.168 42.17 0.58 0.0 0.0 459.46 231.93 0.16 0.19 4.01 0.0 0.2 0.0 0.443 0.13 42.524 0.282 53.448 0.122 40.205 0.283
136012137 0 53.11538 -27.77037 3.4244 0.0024 3 16.98 3.35 -20.637 0.028 42.43 0.45 0.0 0.0 398.84 181.94 0.4 0.08 4.18 0.0 0.61 0.0 0.082 0.016 43.516 0.213 54.44 0.093 41.2 0.213
136017144 0 53.12379 -27.7696 3.7314 0.0013 3 49.77 8.45 -19.893 0.057 42.6 0.37 0.0 0.0 264.22 71.74 0.21 0.08 1.96 0.0 0.65 0.0 0.239 0.041 43.222 0.177 54.146 0.077 40.903 0.177
136039190 0 53.12883 -27.76718 4.9381 0.0021 2 1196.79 0.0 -16.669 0.0 42.69 0.49 0.0 0.0 315.09 125.72 0.14 0.13 1.08 0.0 0.14 0.0 1.0 0.0 42.69 0.213 53.614 0.093 39.612 0.213
136041192 0 53.11531 -27.7728 5.0777 0.0016 1 46.52 11.71 -19.764 0.049 42.52 0.57 0.0 0.0 182.32 83.88 0.08 0.15 4.99 0.0 0.2 0.0 0.223 0.056 43.172 0.27 54.096 0.117 40.852 0.271
136042193 0 53.12085 -27.77865 5.0795 0.0017 1 252.42 0.0 -16.819 0.0 42.07 1.59 0.0 0.0 114.03 101.25 0.18 0.21 1.0 0.0 1.0 0.0 1.0 0.0 42.07 0.691 52.994 0.301 39.668 0.691
136044198 0 53.12325 -27.7712 5.2295 0.0019 3 92.45 19.95 -19.523 0.08 42.72 0.47 0.0 0.0 259.36 110.24 0.24 0.14 4.38 0.0 0.36 0.0 0.444 0.096 43.073 0.225 53.997 0.098 40.754 0.225
137001001 0 53.12232 -27.75237 2.9238 0.0012 1 362.72 198.86 -16.203 0.471 41.98 0.76 636.37 146.82 117.4 198.37 0.02 0.2 1.0 0.0 1.0 0.0 1.0 0.0 41.98 0.33 52.904 0.143 39.42 0.407
137010023 0 53.11205 -27.75249 3.1938 0.0017 2 885.74 0.0 -16.375 0.0 42.44 0.48 0.0 0.0 337.43 191.13 0.17 0.2 1.0 0.0 1.0 0.0 1.0 0.0 42.44 0.208 53.364 0.09 39.493 0.208
137013029 0 53.10539 -27.75273 3.2738 0.0013 1 217.08 0.0 -16.233 0.0 41.77 1.39 0.0 0.0 25.7 523.09 0.1 0.22 1.0 0.0 1.0 0.0 1.0 0.0 41.77 0.604 52.694 0.263 39.433 0.604
137015034 0 53.1175 -27.75785 3.5093 0.0017 2 16.92 3.13 -20.552 0.024 42.39 0.42 0.0 0.0 445.91 143.51 0.11 0.12 3.65 0.0 0.79 0.0 0.081 0.015 43.482 0.199 54.406 0.086 41.162 0.199
137016035 0 53.1226 -27.74879 3.5309 0.0009 2 349.25 242.1 -17.505 0.723 42.49 0.41 231.24 90.78 117.38 102.01 0.12 0.15 1.0 0.0 1.0 0.0 1.0 0.0 42.49 0.178 53.414 0.077 39.947 0.35
137026047 0 53.12434 -27.76322 3.601 0.0016 2 269.86 85.98 -17.169 0.217 42.24 0.57 0.0 0.0 228.07 133.97 -0.1 0.17 1.0 0.0 1.0 0.0 1.0 0.0 42.24 0.248 53.164 0.108 39.809 0.284
137040095 0 53.12441 -27.7552 4.1182 0.0019 2 53.88 38.03 -18.924 0.694 42.24 0.67 0.0 0.0 287.83 160.94 0.06 0.2 7.4 0.0 0.43 0.0 0.259 0.183 42.827 0.423 53.751 0.184 40.509 0.422
137053126 0 53.11148 -27.75721 4.698 0.0016 2 204.81 63.59 -18.859 0.302 42.8 0.31 873.08 107.24 483.72 244.77 -0.0 0.2 0.67 0.0 0.2 0.0 1.0 0.0 42.8 0.135 53.724 0.059 40.489 0.19
137054127 0 53.11628 -27.7636 4.7223 0.0023 1 115.52 0.0 -16.814 0.0 41.73 2.16 0.0 0.0 227.17 186.53 0.18 0.27 1.0 0.0 1.0 0.0 0.554 0.0 41.986 0.939 52.91 0.408 39.667 0.939
137055128 0 53.11232 -27.75953 4.7818 0.001 3 100.9 19.83 -19.167 0.102 42.61 0.4 347.12 51.93 224.72 85.31 0.26 0.13 1.84 0.0 0.13 0.0 0.484 0.095 42.925 0.194 53.849 0.084 40.606 0.194
137056129 0 53.11332 -27.75223 4.7992 0.0026 2 525.37 0.0 -16.555 0.0 42.28 0.8 0.0 0.0 225.14 177.16 0.26 0.2 1.0 0.0 1.0 0.0 1.0 0.0 42.28 0.347 53.204 0.151 39.56 0.347
137073149 0 53.12324 -27.74977 5.6458 0.0018 1 462.69 0.0 -16.693 0.0 42.29 1.1 0.0 0.0 60.66 554.76 0.35 0.21 1.0 0.0 1.0 0.0 1.0 0.0 42.29 0.478 53.214 0.208 39.625 0.477
139008191 0 53.12992 -27.76827 3.1796 0.0013 2 131.86 81.5 -16.896 0.315 41.82 1.25 0.0 0.0 99.08 179.95 0.24 0.21 1.0 0.0 1.0 0.0 0.633 0.391 42.019 0.605 52.943 0.263 39.7 0.605
139013229 0 53.13263 -27.7654 3.1894 0.0011 2 133.43 52.09 -17.463 0.315 42.05 0.6 555.22 114.16 193.86 129.71 0.04 0.15 1.0 0.0 1.0 0.0 0.64 0.25 42.244 0.311 53.168 0.135 39.925 0.311
139016238 0 53.13628 -27.7698 3.2463 0.0012 3 49.91 16.01 -19.272 0.279 42.35 0.44 0.0 0.0 280.73 78.5 0.19 0.08 1.7 0.0 0.48 0.0 0.24 0.077 42.97 0.236 53.894 0.102 40.652 0.236
139017239 0 53.13604 -27.76496 3.2467 0.0015 1 127.64 44.62 -17.675 0.261 42.12 0.58 0.0 0.0 124.46 198.36 -0.09 0.23 1.79 0.0 0.23 0.0 0.613 0.214 42.333 0.294 53.257 0.128 40.014 0.294
139019244 0 53.13675 -27.77503 3.5137 0.0012 2 193.75 65.35 -18.146 0.332 42.49 0.32 232.69 132.36 180.74 103.57 0.2 0.13 1.58 0.0 0.46 0.0 0.93 0.314 42.522 0.202 53.446 0.088 40.203 0.202
139032271 0 53.13902 -27.75885 3.9711 0.0017 3 150.72 22.84 -19.021 0.096 42.73 0.28 589.68 176.67 197.71 33.32 0.17 0.04 1.0 0.0 1.0 0.0 0.723 0.11 42.871 0.139 53.795 0.06 40.552 0.138
139043296 0 53.13856 -27.77035 4.5827 0.0021 2 136.92 100.33 -17.357 0.646 42.02 0.97 0.0 0.0 297.97 149.87 0.25 0.17 1.0 0.0 0.8 0.0 0.657 0.482 42.202 0.529 53.126 0.23 39.884 0.527
139044297 0 53.14396 -27.76498 4.808 0.0023 2 40.53 8.99 -19.697 0.045 42.43 0.5 0.0 0.0 316.86 157.11 0.06 0.17 9.89 0.0 0.51 0.0 0.195 0.043 43.14 0.237 54.064 0.103 40.822 0.238
139046300 0 53.13668 -27.7594 4.863 0.0016 1 35.67 12.74 -19.211 0.082 42.18 0.8 0.0 0.0 110.86 99.69 0.21 0.18 2.27 0.0 1.0 0.0 0.171 0.061 42.947 0.38 53.871 0.165 40.628 0.38
139047301 0 53.14286 -27.75887 4.9332 0.0017 1 130.68 28.92 -18.635 0.151 42.51 0.39 505.64 136.55 445.65 218.4 0.35 0.16 0.77 0.0 0.75 0.0 0.627 0.139 42.713 0.195 53.637 0.085 40.394 0.195
139065322 0 53.13881 -27.76257 5.7989 0.0019 2 293.08 0.0 -17.093 0.0 42.25 1.14 0.0 0.0 169.42 95.12 0.14 0.18 1.0 0.0 1.0 0.0 1.0 0.0 42.25 0.495 53.174 0.215 39.783 0.495
140005024 0 53.13456 -27.7491 3.4664 0.0008 2 68.21 32.67 -18.163 0.153 42.04 1.05 373.73 66.52 127.2 163.7 0.19 0.2 1.28 0.0 0.12 0.0 0.327 0.157 42.525 0.502 53.449 0.218 40.206 0.501
